Pekeris
3
100
100
100
6000
20
36.0 
36.0
3000.0 
5
100
200
400                                                   
0.1                
40
70                        
2  
2 
2                                               
0	                1500	1.0   	0
100              	1500	1.0   	0
100              	2000	1.5   	0.5
200              	2000	1.5   	0.5
200              	2000	1.5   	0.5
400              	2000	1.5   	5




Example7
3
50
100
100                            
6000.0 
50.0
36.0                          
36.0                                                           
3000.0                       
3
72.35                                                                            
150                         
300.0
1.0
40
70                        
16
15
2
0.00  1480.65    1.0     0.0
5.79  1480.80    1.0     0.0
12.06 1481.01    1.0     0.0
19.78 1480.94    1.0     0.0
27.01 1481.16    1.0     0.0
35.21 1481.30    1.0     0.0
37.62 1480.36    1.0     0.0
40.51 1479.06    1.0     0.0
45.82 1475.15    1.0     0.0
47.75 1473.70    1.0     0.0
49.68 1472.68    1.0     0.0
53.54 1471.88    1.0     0.0
56.91 1470.80    1.0     0.0
60.29 1469.78    1.0     0.0
65.60 1468.91    1.0     0.0
72.35 1468.91    1.0     0.0
72.35 1468.91    1.0     0.0
78.62 1468.62    1.0     0.0
84.41 1467.61    1.0     0.0
89.23 1467.97    1.0     0.0
93.09 1468.84    1.0     0.0
96.95 1468.26    1.0     0.0
99.84 1467.54    1.0     0.0
104.18 1466.81   1.0     0.0
109.49 1466.23   1.0     0.0
113.83 1466.45   1.0     0.0
119.61 1466.59   1.0     0.0
125.40 1466.67   1.0     0.0
130.71 1466.74   1.0     0.0
138.42 1466.67   1.0     0.0
150.00 1466.88   1.0     0.0
150.00 1800.00   2.0     0.5
300.00 1800.00   2.0     0.5




Example2
3
20
10
10
5000
20
36.0 
36.0
3000.0 
5
50
75   
100                                                    
0.1                
40
70                        
2  
2 
2                                                
0	                1500	1.0   	0
50              	1500	1.0   	0
50              	1500	1.0   	1.5
75              	1800	1.5   	1.5
75              	1800	1.5   	1.5
100              	1800	1.5   	1.5




Example1
4
20
10
10
20
5000
20
36.0 
36.0
3000.0 
5
25
50
75   
100                                                    
0.1                
40
70                        
2  
2 
2
2                                                
0	                1500	1.0   	0
25              	1500	1.0   	0
25              	1500	1.0   	0
50              	1500	1.0   	0
50              	1500	1.0   	0
75              	1500	1.0   	0
75              	1500	1.0   	0
100              	1500	1.0   	0









