Example 2
2
500                            
500
2000 
100                         
1000.0                          
1000.0                          
50000.0  
100                         
3000.0                          
5000.0
1
60
120                                                   
1201
801                        
0	1548.52101517368                  1.0     0.0
2.50000000000000	1548.24996083566  1.0     0.0
5	1547.98011023347                  1.0     0.0
7.50000000000000	1547.71145874624  1.0     0.0
10	1547.44400177086                  1.0     0.0
12.5000000000000	1547.17773472187  1.0     0.0
15	1546.91265303141                  1.0     0.0
17.5000000000000	1546.64875214919  1.0     0.0
20	1546.38602754234                  1.0     0.0
22.5000000000000	1546.12447469542  1.0     0.0
25	1545.86408911033                  1.0     0.0
27.5000000000000	1545.60486630620  1.0     0.0
30	1545.34680181940                  1.0     0.0
32.5000000000000	1545.08989120341  1.0     0.0
35	1544.83413002881                  1.0     0.0
37.5000000000000	1544.57951388314  1.0     0.0
40	1544.32603837091                  1.0     0.0
42.5000000000000	1544.07369911349  1.0     0.0
45	1543.82249174907                  1.0     0.0
47.5000000000000	1543.57241193257  1.0     0.0
50	1543.32345533560                  1.0     0.0
52.5000000000000	1543.07561764638  1.0     0.0
55	1542.82889456968                  1.0     0.0
57.5000000000000	1542.58328182677  1.0     0.0
60	1542.33877515534                  1.0     0.0
62.5000000000000	1542.09537030943  1.0     0.0
65	1541.85306305940                  1.0     0.0
67.5000000000000	1541.61184919182  1.0     0.0
70	1541.37172450946                  1.0     0.0
72.5000000000000	1541.13268483119  1.0     0.0
75	1540.89472599193                  1.0     0.0
77.5000000000000	1540.65784384260  1.0     0.0
80	1540.42203425002                  1.0     0.0
82.5000000000000	1540.18729309692  1.0     0.0
85	1539.95361628178                  1.0     0.0
87.5000000000000	1539.72099971888  1.0     0.0
90	1539.48943933815                  1.0     0.0
92.5000000000000	1539.25893108515  1.0     0.0
95	1539.02947092101                  1.0     0.0
97.5000000000000	1538.80105482236  1.0     0.0
100	1538.57367878128                  1.0     0.0
102.500000000000	1538.34733880523  1.0     0.0
105	1538.12203091699                  1.0     0.0
107.500000000000	1537.89775115462  1.0     0.0
110	1537.67449557139                  1.0     0.0
112.500000000000	1537.45226023571  1.0     0.0
115	1537.23104123108                  1.0     0.0
117.500000000000	1537.01083465606  1.0     0.0
120	1536.79163662416                  1.0     0.0
122.500000000000	1536.57344326381  1.0     0.0
125	1536.35625071832                  1.0     0.0
127.500000000000	1536.14005514580  1.0     0.0
130	1535.92485271909                  1.0     0.0
132.500000000000	1535.71063962573  1.0     0.0
135	1535.49741206793                  1.0     0.0
137.500000000000	1535.28516626241  1.0     0.0
140	1535.07389844048                  1.0     0.0
142.500000000000	1534.86360484788  1.0     0.0
145	1534.65428174477                  1.0     0.0
147.500000000000	1534.44592540567  1.0     0.0
150	1534.23853211940                  1.0     0.0
152.500000000000	1534.03209818901  1.0     0.0
155	1533.82661993178                  1.0     0.0
157.500000000000	1533.62209367908  1.0     0.0
160	1533.41851577640                  1.0     0.0
162.500000000000	1533.21588258324  1.0     0.0
165	1533.01419047309                  1.0     0.0
167.500000000000	1532.81343583334  1.0     0.0
170	1532.61361506527                  1.0     0.0
172.500000000000	1532.41472458395  1.0     0.0
175	1532.21676081824                  1.0     0.0
177.500000000000	1532.01972021069  1.0     0.0
180	1531.82359921751                  1.0     0.0
182.500000000000	1531.62839430851  1.0     0.0
185	1531.43410196707                  1.0     0.0
187.500000000000	1531.24071869005  1.0     0.0
190	1531.04824098775                  1.0     0.0
192.500000000000	1530.85666538390  1.0     0.0
195	1530.66598841554                  1.0     0.0
197.500000000000	1530.47620663303  1.0     0.0
200	1530.28731659995                  1.0     0.0
202.500000000000	1530.09931489309  1.0     0.0
205	1529.91219810236                  1.0     0.0
207.500000000000	1529.72596283079  1.0     0.0
210	1529.54060569442                  1.0     0.0
212.500000000000	1529.35612332230  1.0     0.0
215	1529.17251235641                  1.0     0.0
217.500000000000	1528.98976945163  1.0     0.0
220	1528.80789127567                  1.0     0.0
222.500000000000	1528.62687450904  1.0     0.0
225	1528.44671584499                  1.0     0.0
227.500000000000	1528.26741198947  1.0     0.0
230	1528.08895966107                  1.0     0.0
232.500000000000	1527.91135559096  1.0     0.0
235	1527.73459652289                  1.0     0.0
237.500000000000	1527.55867921309  1.0     0.0
240	1527.38360043024                  1.0     0.0
242.500000000000	1527.20935695544  1.0     0.0
245	1527.03594558213                  1.0     0.0
247.500000000000	1526.86336311607  1.0     0.0
250	1526.69160637528                  1.0     0.0
252.500000000000	1526.52067218999  1.0     0.0
255	1526.35055740260                  1.0     0.0
257.500000000000	1526.18125886763  1.0     0.0
260	1526.01277345169                  1.0     0.0
262.500000000000	1525.84509803339  1.0     0.0
265	1525.67822950335                  1.0     0.0
267.500000000000	1525.51216476411  1.0     0.0
270	1525.34690073010                  1.0     0.0
272.500000000000	1525.18243432760  1.0     0.0
275	1525.01876249470                  1.0     0.0
277.500000000000	1524.85588218122  1.0     0.0
280	1524.69379034871                  1.0     0.0
282.500000000000	1524.53248397036  1.0     0.0
285	1524.37196003101                  1.0     0.0
287.500000000000	1524.21221552706  1.0     0.0
290	1524.05324746643                  1.0     0.0
292.500000000000	1523.89505286854  1.0     0.0
295	1523.73762876425                  1.0     0.0
297.500000000000	1523.58097219580  1.0     0.0
300	1523.42508021682                  1.0     0.0
302.500000000000	1523.26994989221  1.0     0.0
305	1523.11557829817                  1.0     0.0
307.500000000000	1522.96196252210  1.0     0.0
310	1522.80909966260                  1.0     0.0
312.500000000000	1522.65698682940  1.0     0.0
315	1522.50562114331                  1.0     0.0
317.500000000000	1522.35499973622  1.0     0.0
320	1522.20511975102                  1.0     0.0
322.500000000000	1522.05597834154  1.0     0.0
325	1521.90757267259                  1.0     0.0
327.500000000000	1521.75989991981  1.0     0.0
330	1521.61295726972                  1.0     0.0
332.500000000000	1521.46674191962  1.0     0.0
335	1521.32125107758                  1.0     0.0
337.500000000000	1521.17648196237  1.0     0.0
340	1521.03243180347                  1.0     0.0
342.500000000000	1520.88909784095  1.0     0.0
345	1520.74647732552                  1.0     0.0
347.500000000000	1520.60456751841  1.0     0.0
350	1520.46336569138                  1.0     0.0
352.500000000000	1520.32286912666  1.0     0.0
355	1520.18307511691                  1.0     0.0
357.500000000000	1520.04398096519  1.0     0.0
360	1519.90558398491                  1.0     0.0
362.500000000000	1519.76788149978  1.0     0.0
365	1519.63087084381                  1.0     0.0
367.500000000000	1519.49454936122  1.0     0.0
370	1519.35891440643                  1.0     0.0
372.500000000000	1519.22396334403  1.0     0.0
375	1519.08969354871                  1.0     0.0
377.500000000000	1518.95610240524  1.0     0.0
380	1518.82318730845                  1.0     0.0
382.500000000000	1518.69094566314  1.0     0.0
385	1518.55937488409                  1.0     0.0
387.500000000000	1518.42847239601  1.0     0.0
390	1518.29823563347                  1.0     0.0
392.500000000000	1518.16866204091  1.0     0.0
395	1518.03974907259                  1.0     0.0
397.500000000000	1517.91149419251  1.0     0.0
400	1517.78389487443                  1.0     0.0
402.500000000000	1517.65694860180  1.0     0.0
405	1517.53065286773                  1.0     0.0
407.500000000000	1517.40500517496  1.0     0.0
410	1517.28000303580                  1.0     0.0
412.500000000000	1517.15564397212  1.0     0.0
415	1517.03192551531                  1.0     0.0
417.500000000000	1516.90884520623  1.0     0.0
420	1516.78640059518                  1.0     0.0
422.500000000000	1516.66458924186  1.0     0.0
425	1516.54340871533                  1.0     0.0
427.500000000000	1516.42285659402  1.0     0.0
430	1516.30293046561                  1.0     0.0
432.500000000000	1516.18362792706  1.0     0.0
435	1516.06494658456                  1.0     0.0
437.500000000000	1515.94688405347  1.0     0.0
440	1515.82943795834                  1.0     0.0
442.500000000000	1515.71260593280  1.0     0.0
445	1515.59638561958                  1.0     0.0
447.500000000000	1515.48077467047  1.0     0.0
450	1515.36577074625                  1.0     0.0
452.500000000000	1515.25137151670  1.0     0.0
455	1515.13757466053                  1.0     0.0
457.500000000000	1515.02437786538  1.0     0.0
460	1514.91177882776                  1.0     0.0
462.500000000000	1514.79977525300  1.0     0.0
465	1514.68836485527                  1.0     0.0
467.500000000000	1514.57754535749  1.0     0.0
470	1514.46731449135                  1.0     0.0
472.500000000000	1514.35766999722  1.0     0.0
475	1514.24860962416                  1.0     0.0
477.500000000000	1514.14013112986  1.0     0.0
480	1514.03223228062                  1.0     0.0
482.500000000000	1513.92491085132  1.0     0.0
485	1513.81816462539                  1.0     0.0
487.500000000000	1513.71199139474  1.0     0.0
490	1513.60638895979                  1.0     0.0
492.500000000000	1513.50135512938  1.0     0.0
495	1513.39688772078                  1.0     0.0
497.500000000000	1513.29298455962  1.0     0.0
500	1513.18964347988                  1.0     0.0
502.500000000000	1513.08686232387  1.0     0.0
505	1512.98463894218                  1.0     0.0
507.500000000000	1512.88297119363  1.0     0.0
510	1512.78185694527                  1.0     0.0
512.500000000000	1512.68129407236  1.0     0.0
515	1512.58128045829                  1.0     0.0
517.500000000000	1512.48181399458  1.0     0.0
520	1512.38289258085                  1.0     0.0
522.500000000000	1512.28451412478  1.0     0.0
525	1512.18667654209                  1.0     0.0
527.500000000000	1512.08937775648  1.0     0.0
530	1511.99261569963                  1.0     0.0
532.500000000000	1511.89638831118  1.0     0.0
535	1511.80069353866                  1.0     0.0
537.500000000000	1511.70552933747  1.0     0.0
540	1511.61089367088                  1.0     0.0
542.500000000000	1511.51678450997  1.0     0.0
545	1511.42319983360                  1.0     0.0
547.500000000000	1511.33013762840  1.0     0.0
550	1511.23759588872                  1.0     0.0
552.500000000000	1511.14557261662  1.0     0.0
555	1511.05406582183                  1.0     0.0
557.500000000000	1510.96307352170  1.0     0.0
560	1510.87259374121                  1.0     0.0
562.500000000000	1510.78262451292  1.0     0.0
565	1510.69316387694                  1.0     0.0
567.500000000000	1510.60420988090  1.0     0.0
570	1510.51576057992                  1.0     0.0
572.500000000000	1510.42781403661  1.0     0.0
575	1510.34036832099                  1.0     0.0
577.500000000000	1510.25342151049  1.0     0.0
580	1510.16697168995                  1.0     0.0
582.500000000000	1510.08101695153  1.0     0.0
585	1509.99555539473                  1.0     0.0
587.500000000000	1509.91058512633  1.0     0.0
590	1509.82610426040                  1.0     0.0
592.500000000000	1509.74211091823  1.0     0.0
595	1509.65860322834                  1.0     0.0
597.500000000000	1509.57557932641  1.0     0.0
600	1509.49303735531                  1.0     0.0
602.500000000000	1509.41097546500  1.0     0.0
605	1509.32939181257                  1.0     0.0
607.500000000000	1509.24828456218  1.0     0.0
610	1509.16765188502                  1.0     0.0
612.500000000000	1509.08749195934  1.0     0.0
615	1509.00780297033                  1.0     0.0
617.500000000000	1508.92858311019  1.0     0.0
620	1508.84983057804                  1.0     0.0
622.500000000000	1508.77154357991  1.0     0.0
625	1508.69372032873                  1.0     0.0
627.500000000000	1508.61635904429  1.0     0.0
630	1508.53945795319                  1.0     0.0
632.500000000000	1508.46301528887  1.0     0.0
635	1508.38702929154                  1.0     0.0
637.500000000000	1508.31149820814  1.0     0.0
640	1508.23642029238                  1.0     0.0
642.500000000000	1508.16179380465  1.0     0.0
645	1508.08761701203                  1.0     0.0
647.500000000000	1508.01388818823  1.0     0.0
650	1507.94060561361                  1.0     0.0
652.500000000000	1507.86776757513  1.0     0.0
655	1507.79537236631                  1.0     0.0
657.500000000000	1507.72341828724  1.0     0.0
660	1507.65190364451                  1.0     0.0
662.500000000000	1507.58082675124  1.0     0.0
665	1507.51018592701                  1.0     0.0
667.500000000000	1507.43997949784  1.0     0.0
670	1507.37020579621                  1.0     0.0
672.500000000000	1507.30086316096  1.0     0.0
675	1507.23194993734                  1.0     0.0
677.500000000000	1507.16346447694  1.0     0.0
680	1507.09540513766                  1.0     0.0
682.500000000000	1507.02777028374  1.0     0.0
685	1506.96055828566                  1.0     0.0
687.500000000000	1506.89376752020  1.0     0.0
690	1506.82739637032                  1.0     0.0
692.500000000000	1506.76144322523  1.0     0.0
695	1506.69590648030                  1.0     0.0
697.500000000000	1506.63078453708  1.0     0.0
700	1506.56607580322                  1.0     0.0
702.500000000000	1506.50177869253  1.0     0.0
705	1506.43789162486                  1.0     0.0
707.500000000000	1506.37441302617  1.0     0.0
710	1506.31134132844                  1.0     0.0
712.500000000000	1506.24867496966  1.0     0.0
715	1506.18641239384                  1.0     0.0
717.500000000000	1506.12455205095  1.0     0.0
720	1506.06309239690                  1.0     0.0
722.500000000000	1506.00203189356  1.0     0.0
725	1505.94136900867                  1.0     0.0
727.500000000000	1505.88110221586  1.0     0.0
730	1505.82122999464                  1.0     0.0
732.500000000000	1505.76175083033  1.0     0.0
735	1505.70266321408                  1.0     0.0
737.500000000000	1505.64396564282  1.0     0.0
740	1505.58565661928                  1.0     0.0
742.500000000000	1505.52773465189  1.0     0.0
745	1505.47019825485                  1.0     0.0
747.500000000000	1505.41304594804  1.0     0.0
750	1505.35627625703                  1.0     0.0
752.500000000000	1505.29988771304  1.0     0.0
755	1505.24387885293                  1.0     0.0
757.500000000000	1505.18824821920  1.0     0.0
760	1505.13299435992                  1.0     0.0
762.500000000000	1505.07811582874  1.0     0.0
765	1505.02361118485                  1.0     0.0
767.500000000000	1504.96947899301  1.0     0.0
770	1504.91571782344                  1.0     0.0
772.500000000000	1504.86232625188  1.0     0.0
775	1504.80930285954                  1.0     0.0
777.500000000000	1504.75664623305  1.0     0.0
780	1504.70435496448                  1.0     0.0
782.500000000000	1504.65242765133  1.0     0.0
785	1504.60086289643                  1.0     0.0
787.500000000000	1504.54965930802  1.0     0.0
790	1504.49881549967                  1.0     0.0
792.500000000000	1504.44833009026  1.0     0.0
795	1504.39820170398                  1.0     0.0
797.500000000000	1504.34842897030  1.0     0.0
800	1504.29901052395                  1.0     0.0
802.500000000000	1504.24994500492  1.0     0.0
805	1504.20123105839                  1.0     0.0
807.500000000000	1504.15286733476  1.0     0.0
810	1504.10485248960                  1.0     0.0
812.500000000000	1504.05718518365  1.0     0.0
815	1504.00986408280                  1.0     0.0
817.500000000000	1503.96288785803  1.0     0.0
820	1503.91625518545                  1.0     0.0
822.500000000000	1503.86996474624  1.0     0.0
825	1503.82401522666                  1.0     0.0
827.500000000000	1503.77840531798  1.0     0.0
830	1503.73313371652                  1.0     0.0
832.500000000000	1503.68819912360  1.0     0.0
835	1503.64360024552                  1.0     0.0
837.500000000000	1503.59933579355  1.0     0.0
840	1503.55540448391                  1.0     0.0
842.500000000000	1503.51180503773  1.0     0.0
845	1503.46853618109                  1.0     0.0
847.500000000000	1503.42559664491  1.0     0.0
850	1503.38298516501                  1.0     0.0
852.500000000000	1503.34070048206  1.0     0.0
855	1503.29874134157                  1.0     0.0
857.500000000000	1503.25710649385  1.0     0.0
860	1503.21579469402                  1.0     0.0
862.500000000000	1503.17480470198  1.0     0.0
865	1503.13413528237                  1.0     0.0
867.500000000000	1503.09378520459  1.0     0.0
870	1503.05375324277                  1.0     0.0
872.500000000000	1503.01403817574  1.0     0.0
875	1502.97463878700                  1.0     0.0
877.500000000000	1502.93555386475  1.0     0.0
880	1502.89678220181                  1.0     0.0
882.500000000000	1502.85832259567  1.0     0.0
885	1502.82017384840                  1.0     0.0
887.500000000000	1502.78233476669  1.0     0.0
890	1502.74480416181                  1.0     0.0
892.500000000000	1502.70758084959  1.0     0.0
895	1502.67066365040                  1.0     0.0
897.500000000000	1502.63405138914  1.0     0.0
900	1502.59774289524                  1.0     0.0
902.500000000000	1502.56173700259  1.0     0.0
905	1502.52603254958                  1.0     0.0
907.500000000000	1502.49062837907  1.0     0.0
910	1502.45552333832                  1.0     0.0
912.500000000000	1502.42071627905  1.0     0.0
915	1502.38620605739                  1.0     0.0
917.500000000000	1502.35199153383  1.0     0.0
920	1502.31807157327                  1.0     0.0
922.500000000000	1502.28444504494  1.0     0.0
925	1502.25111082243                  1.0     0.0
927.500000000000	1502.21806778364  1.0     0.0
930	1502.18531481080                  1.0     0.0
932.500000000000	1502.15285079039  1.0     0.0
935	1502.12067461320                  1.0     0.0
937.500000000000	1502.08878517427  1.0     0.0
940	1502.05718137288                  1.0     0.0
942.500000000000	1502.02586211252  1.0     0.0
945	1501.99482630092                  1.0     0.0
947.500000000000	1501.96407284998  1.0     0.0
950	1501.93360067579                  1.0     0.0
952.500000000000	1501.90340869858  1.0     0.0
955	1501.87349584274                  1.0     0.0
957.500000000000	1501.84386103680  1.0     0.0
960	1501.81450321339                  1.0     0.0
962.500000000000	1501.78542130923  1.0     0.0
965	1501.75661426514                  1.0     0.0
967.500000000000	1501.72808102598  1.0     0.0
970	1501.69982054069                  1.0     0.0
972.500000000000	1501.67183176224  1.0     0.0
975	1501.64411364759                  1.0     0.0
977.500000000000	1501.61666515774  1.0     0.0
980	1501.58948525765                  1.0     0.0
982.500000000000	1501.56257291628  1.0     0.0
985	1501.53592710653                  1.0     0.0
987.500000000000	1501.50954680524  1.0     0.0
990	1501.48343099320                  1.0     0.0
992.500000000000	1501.45757865508  1.0     0.0
995	1501.43198877948                  1.0     0.0
997.500000000000	1501.40666035886  1.0     0.0
1000	1501.38159238955              1.0     0.0
1002.50000000000	1501.35678387175  1.0     0.0
1005	1501.33223380948              1.0     0.0
1007.50000000000	1501.30794121059  1.0     0.0
1010	1501.28390508674              1.0     0.0
1012.50000000000	1501.26012445338  1.0     0.0
1015	1501.23659832974              1.0     0.0
1017.50000000000	1501.21332573882  1.0     0.0
1020	1501.19030570736              1.0     0.0
1022.50000000000	1501.16753726586  1.0     0.0
1025	1501.14501944850              1.0     0.0
1027.50000000000	1501.12275129322  1.0     0.0
1030	1501.10073184160              1.0     0.0
1032.50000000000	1501.07896013894  1.0     0.0
1035	1501.05743523418              1.0     0.0
1037.50000000000	1501.03615617993  1.0     0.0
1040	1501.01512203242              1.0     0.0
1042.50000000000	1500.99433185152  1.0     0.0
1045	1500.97378470069              1.0     0.0
1047.50000000000	1500.95347964699  1.0     0.0
1050	1500.93341576108              1.0     0.0
1052.50000000000	1500.91359211716  1.0     0.0
1055	1500.89400779300              1.0     0.0
1057.50000000000	1500.87466186991  1.0     0.0
1060	1500.85555343273              1.0     0.0
1062.50000000000	1500.83668156979  1.0     0.0
1065	1500.81804537296              1.0     0.0
1067.50000000000	1500.79964393755  1.0     0.0
1070	1500.78147636237              1.0     0.0
1072.50000000000	1500.76354174970  1.0     0.0
1075	1500.74583920524              1.0     0.0
1077.50000000000	1500.72836783813  1.0     0.0
1080	1500.71112676094              1.0     0.0
1082.50000000000	1500.69411508965  1.0     0.0
1085	1500.67733194360              1.0     0.0
1087.50000000000	1500.66077644556  1.0     0.0
1090	1500.64444772163              1.0     0.0
1092.50000000000	1500.62834490128  1.0     0.0
1095	1500.61246711731              1.0     0.0
1097.50000000000	1500.59681350587  1.0     0.0
1100	1500.58138320641              1.0     0.0
1102.50000000000	1500.56617536169  1.0     0.0
1105	1500.55118911775              1.0     0.0
1107.50000000000	1500.53642362393  1.0     0.0
1110	1500.52187803280              1.0     0.0
1112.50000000000	1500.50755150023  1.0     0.0
1115	1500.49344318528              1.0     0.0
1117.50000000000	1500.47955225029  1.0     0.0
1120	1500.46587786076              1.0     0.0
1122.50000000000	1500.45241918545  1.0     0.0
1125	1500.43917539627              1.0     0.0
1127.50000000000	1500.42614566832  1.0     0.0
1130	1500.41332917987              1.0     0.0
1132.50000000000	1500.40072511235  1.0     0.0
1135	1500.38833265033              1.0     0.0
1137.50000000000	1500.37615098148  1.0     0.0
1140	1500.36417929664              1.0     0.0
1142.50000000000	1500.35241678972  1.0     0.0
1145	1500.34086265774              1.0     0.0
1147.50000000000	1500.32951610079  1.0     0.0
1150	1500.31837632204              1.0     0.0
1152.50000000000	1500.30744252772  1.0     0.0
1155	1500.29671392710              1.0     0.0
1157.50000000000	1500.28618973250  1.0     0.0
1160	1500.27586915923              1.0     0.0
1162.50000000000	1500.26575142566  1.0     0.0
1165	1500.25583575312              1.0     0.0
1167.50000000000	1500.24612136595  1.0     0.0
1170	1500.23660749146              1.0     0.0
1172.50000000000	1500.22729335993  1.0     0.0
1175	1500.21817820460              1.0     0.0
1177.50000000000	1500.20926126164  1.0     0.0
1180	1500.20054177016              1.0     0.0
1182.50000000000	1500.19201897218  1.0     0.0
1185	1500.18369211266              1.0     0.0
1187.50000000000	1500.17556043942  1.0     0.0
1190	1500.16762320319              1.0     0.0
1192.50000000000	1500.15987965758  1.0     0.0
1195	1500.15232905905              1.0     0.0
1197.50000000000	1500.14497066692  1.0     0.0
1200	1500.13780374336              1.0     0.0
1202.50000000000	1500.13082755336  1.0     0.0
1205	1500.12404136474              1.0     0.0
1207.50000000000	1500.11744444814  1.0     0.0
1210	1500.11103607697              1.0     0.0
1212.50000000000	1500.10481552746  1.0     0.0
1215	1500.09878207860              1.0     0.0
1217.50000000000	1500.09293501216  1.0     0.0
1220	1500.08727361266              1.0     0.0
1222.50000000000	1500.08179716737  1.0     0.0
1225	1500.07650496629              1.0     0.0
1227.50000000000	1500.07139630215  1.0     0.0
1230	1500.06647047039              1.0     0.0
1232.50000000000	1500.06172676917  1.0     0.0
1235	1500.05716449933              1.0     0.0
1237.50000000000	1500.05278296439  1.0     0.0
1240	1500.04858147055              1.0     0.0
1242.50000000000	1500.04455932669  1.0     0.0
1245	1500.04071584431              1.0     0.0
1247.50000000000	1500.03705033758  1.0     0.0
1250	1500.03356212329              1.0     0.0
1252.50000000000	1500.03025052086  1.0     0.0
1255	1500.02711485231              1.0     0.0
1257.50000000000	1500.02415444228  1.0     0.0
1260	1500.02136861798              1.0     0.0
1262.50000000000	1500.01875670923  1.0     0.0
1265	1500.01631804840              1.0     0.0
1267.50000000000	1500.01405197044  1.0     0.0
1270	1500.01195781283              1.0     0.0
1272.50000000000	1500.01003491563  1.0     0.0
1275	1500.00828262139              1.0     0.0
1277.50000000000	1500.00670027521  1.0     0.0
1280	1500.00528722471              1.0     0.0
1282.50000000000	1500.00404281999  1.0     0.0
1285	1500.00296641367              1.0     0.0
1287.50000000000	1500.00205736084  1.0     0.0
1290	1500.00131501906              1.0     0.0
1292.50000000000	1500.00073874837  1.0     0.0
1295	1500.00032791126              1.0     0.0
1297.50000000000	1500.00008187268  1.0     0.0
1300	1500                          1.0     0.0
1302.50000000000	1500.00008166302  1.0     0.0
1305	1500.00032623397              1.0     0.0
1307.50000000000	1500.00073308749  1.0     0.0
1310	1500.00130160060              1.0     0.0
1312.50000000000	1500.00203115274  1.0     0.0
1315	1500.00292112571              1.0     0.0
1317.50000000000	1500.00397090370  1.0     0.0
1320	1500.00517987325              1.0     0.0
1322.50000000000	1500.00654742326  1.0     0.0
1325	1500.00807294498              1.0     0.0
1327.50000000000	1500.00975583199  1.0     0.0
1330	1500.01159548021              1.0     0.0
1332.50000000000	1500.01359128786  1.0     0.0
1335	1500.01574265548              1.0     0.0
1337.50000000000	1500.01804898592  1.0     0.0
1340	1500.02050968431              1.0     0.0
1342.50000000000	1500.02312415806  1.0     0.0
1345	1500.02589181688              1.0     0.0
1347.50000000000	1500.02881207271  1.0     0.0
1350	1500.03188433978              1.0     0.0
1352.50000000000	1500.03510803454  1.0     0.0
1355	1500.03848257570              1.0     0.0
1357.50000000000	1500.04200738421  1.0     0.0
1360	1500.04568188320              1.0     0.0
1362.50000000000	1500.04950549807  1.0     0.0
1365	1500.05347765639              1.0     0.0
1367.50000000000	1500.05759778793  1.0     0.0
1370	1500.06186532466              1.0     0.0
1372.50000000000	1500.06627970073  1.0     0.0
1375	1500.07084035245              1.0     0.0
1377.50000000000	1500.07554671830  1.0     0.0
1380	1500.08039823893              1.0     0.0
1382.50000000000	1500.08539435712  1.0     0.0
1385	1500.09053451779              1.0     0.0
1387.50000000000	1500.09581816799  1.0     0.0
1390	1500.10124475691              1.0     0.0
1392.50000000000	1500.10681373583  1.0     0.0
1395	1500.11252455816              1.0     0.0
1397.50000000000	1500.11837667938  1.0     0.0
1400	1500.12436955709              1.0     0.0
1402.50000000000	1500.13050265095  1.0     0.0
1405	1500.13677542271              1.0     0.0
1407.50000000000	1500.14318733618  1.0     0.0
1410	1500.14973785722              1.0     0.0
1412.50000000000	1500.15642645375  1.0     0.0
1415	1500.16325259573              1.0     0.0
1417.50000000000	1500.17021575516  1.0     0.0
1420	1500.17731540605              1.0     0.0
1422.50000000000	1500.18455102446  1.0     0.0
1425	1500.19192208843              1.0     0.0
1427.50000000000	1500.19942807802  1.0     0.0
1430	1500.20706847528              1.0     0.0
1432.50000000000	1500.21484276425  1.0     0.0
1435	1500.22275043095              1.0     0.0
1437.50000000000	1500.23079096337  1.0     0.0
1440	1500.23896385148              1.0     0.0
1442.50000000000	1500.24726858719  1.0     0.0
1445	1500.25570466438              1.0     0.0
1447.50000000000	1500.26427157884  1.0     0.0
1450	1500.27296882833              1.0     0.0
1452.50000000000	1500.28179591252  1.0     0.0
1455	1500.29075233301              1.0     0.0
1457.50000000000	1500.29983759330  1.0     0.0
1460	1500.30905119881              1.0     0.0
1462.50000000000	1500.31839265685  1.0     0.0
1465	1500.32786147663              1.0     0.0
1467.50000000000	1500.33745716923  1.0     0.0
1470	1500.34717924762              1.0     0.0
1472.50000000000	1500.35702722662  1.0     0.0
1475	1500.36700062295              1.0     0.0
1477.50000000000	1500.37709895515  1.0     0.0
1480	1500.38732174362              1.0     0.0
1482.50000000000	1500.39766851060  1.0     0.0
1485	1500.40813878017              1.0     0.0
1487.50000000000	1500.41873207823  1.0     0.0
1490	1500.42944793250              1.0     0.0
1492.50000000000	1500.44028587253  1.0     0.0
1495	1500.45124542964              1.0     0.0
1497.50000000000	1500.46232613698  1.0     0.0
1500	1500.47352752948              1.0     0.0
1502.50000000000	1500.48484914386    1.0    0.0
1505	1500.49629051862                1.0    0.0
1507.50000000000	1500.50785119402    1.0    0.0
1510	1500.51953071210                1.0    0.0
1512.50000000000	1500.53132861665    1.0    0.0
1515	1500.54324445321                1.0    0.0
1517.50000000000	1500.55527776906    1.0    0.0
1520	1500.56742811323                1.0    0.0
1522.50000000000	1500.57969503648    1.0    0.0
1525	1500.59207809128                1.0    0.0
1527.50000000000	1500.60457683184    1.0    0.0
1530	1500.61719081406                1.0    0.0
1532.50000000000	1500.62991959556    1.0    0.0
1535	1500.64276273565                1.0    0.0
1537.50000000000	1500.65571979533    1.0    0.0
1540	1500.66879033729                1.0    0.0
1542.50000000000	1500.68197392591    1.0    0.0
1545	1500.69527012722                1.0    0.0
1547.50000000000	1500.70867850892    1.0    0.0
1550	1500.72219864039                1.0    0.0
1552.50000000000	1500.73583009264    1.0    0.0
1555	1500.74957243833                1.0    0.0
1557.50000000000	1500.76342525178    1.0    0.0
1560	1500.77738810892                1.0    0.0
1562.50000000000	1500.79146058733    1.0    0.0
1565	1500.80564226618                1.0    0.0
1567.50000000000	1500.81993272629    1.0    0.0
1570	1500.83433155007                1.0    0.0
1572.50000000000	1500.84883832153    1.0    0.0
1575	1500.86345262630                1.0    0.0
1577.50000000000	1500.87817405157    1.0    0.0
1580	1500.89300218614                1.0    0.0
1582.50000000000	1500.90793662037    1.0    0.0
1585	1500.92297694620                1.0    0.0
1587.50000000000	1500.93812275714    1.0    0.0
1590	1500.95337364826                1.0    0.0
1592.50000000000	1500.96872921618    1.0    0.0
1595	1500.98418905907                1.0    0.0
1597.50000000000	1500.99975277663    1.0    0.0
1600	1501.01541997013                1.0    0.0
1602.50000000000	1501.03119024235    1.0    0.0
1605	1501.04706319757                1.0    0.0
1607.50000000000	1501.06303844164    1.0    0.0
1610	1501.07911558188                1.0    0.0
1612.50000000000	1501.09529422715    1.0    0.0
1615	1501.11157398778                1.0    0.0
1617.50000000000	1501.12795447562    1.0    0.0
1620	1501.14443530400                1.0    0.0
1622.50000000000	1501.16101608774    1.0    0.0
1625	1501.17769644312                1.0    0.0
1627.50000000000	1501.19447598793    1.0    0.0
1630	1501.21135434139                1.0    0.0
1632.50000000000	1501.22833112420    1.0    0.0
1635	1501.24540595852                1.0    0.0
1637.50000000000	1501.26257846793    1.0    0.0
1640	1501.27984827751                1.0    0.0
1642.50000000000	1501.29721501372    1.0    0.0
1645	1501.31467830450                1.0    0.0
1647.50000000000	1501.33223777919    1.0    0.0
1650	1501.34989306857                1.0    0.0
1652.50000000000	1501.36764380482    1.0    0.0
1655	1501.38548962155                1.0    0.0
1657.50000000000	1501.40343015376    1.0    0.0
1660	1501.42146503786                1.0    0.0
1662.50000000000	1501.43959391166    1.0    0.0
1665	1501.45781641436                1.0    0.0
1667.50000000000	1501.47613218653    1.0    0.0
1670	1501.49454087014                1.0    0.0
1672.50000000000	1501.51304210852    1.0    0.0
1675	1501.53163554637                1.0    0.0
1677.50000000000	1501.55032082976    1.0    0.0
1680	1501.56909760612                1.0    0.0
1682.50000000000	1501.58796552422    1.0    0.0
1685	1501.60692423421                1.0    0.0
1687.50000000000	1501.62597338754    1.0    0.0
1690	1501.64511263702                1.0    0.0
1692.50000000000	1501.66434163680    1.0    0.0
1695	1501.68366004235                1.0    0.0
1697.50000000000	1501.70306751046    1.0    0.0
1700	1501.72256369924                1.0    0.0
1702.50000000000	1501.74214826810    1.0    0.0
1705	1501.76182087779                1.0    0.0
1707.50000000000	1501.78158119033    1.0    0.0
1710	1501.80142886905                1.0    0.0
1712.50000000000	1501.82136357858    1.0    0.0
1715	1501.84138498481                1.0    0.0
1717.50000000000	1501.86149275495    1.0    0.0
1720	1501.88168655747                1.0    0.0
1722.50000000000	1501.90196606209    1.0    0.0
1725	1501.92233093984                1.0    0.0
1727.50000000000	1501.94278086299    1.0    0.0
1730	1501.96331550506                1.0    0.0
1732.50000000000	1501.98393454085    1.0    0.0
1735	1502.00463764638                1.0    0.0
1737.50000000000	1502.02542449892    1.0    0.0
1740	1502.04629477700                1.0    0.0
1742.50000000000	1502.06724816037    1.0    0.0
1745	1502.08828432999                1.0    0.0
1747.50000000000	1502.10940296808    1.0    0.0
1750	1502.13060375805                1.0    0.0
1752.50000000000	1502.15188638454    1.0    0.0
1755	1502.17325053341                1.0    0.0
1757.50000000000	1502.19469589171    1.0    0.0
1760	1502.21622214769                1.0    0.0
1762.50000000000	1502.23782899081    1.0    0.0
1765	1502.25951611171                1.0    0.0
1767.50000000000	1502.28128320222    1.0    0.0
1770	1502.30312995536                1.0    0.0
1772.50000000000	1502.32505606532    1.0    0.0
1775	1502.34706122747                1.0    0.0
1777.50000000000	1502.36914513835    1.0    0.0
1780	1502.39130749566                1.0    0.0
1782.50000000000	1502.41354799825    1.0    0.0
1785	1502.43586634616                1.0    0.0
1787.50000000000	1502.45826224055    1.0    0.0
1790	1502.48073538374                1.0    0.0
1792.50000000000	1502.50328547918    1.0    0.0
1795	1502.52591223148                1.0    0.0
1797.50000000000	1502.54861534636    1.0    0.0
1800	1502.57139453070                1.0    0.0
1802.50000000000	1502.59424949247    1.0    0.0
1805	1502.61717994078                1.0    0.0
1807.50000000000	1502.64018558587    1.0    0.0
1810	1502.66326613906                1.0    0.0
1812.50000000000	1502.68642131280    1.0    0.0
1815	1502.70965082064                1.0    0.0
1817.50000000000	1502.73295437723    1.0    0.0
1820	1502.75633169832                1.0    0.0
1822.50000000000	1502.77978250073    1.0    0.0
1825	1502.80330650239                1.0    0.0
1827.50000000000	1502.82690342232    1.0    0.0
1830	1502.85057298058                1.0    0.0
1832.50000000000	1502.87431489834    1.0    0.0
1835	1502.89812889782                1.0    0.0
1837.50000000000	1502.92201470233    1.0    0.0
1840	1502.94597203622                1.0    0.0
1842.50000000000	1502.97000062490    1.0    0.0
1845	1502.99410019485                1.0    0.0
1847.50000000000	1503.01827047358    1.0    0.0
1850	1503.04251118966                1.0    0.0
1852.50000000000	1503.06682207269    1.0    0.0
1855	1503.09120285333                1.0    0.0
1857.50000000000	1503.11565326325    1.0    0.0
1860	1503.14017303516                1.0    0.0
1862.50000000000	1503.16476190280    1.0    0.0
1865	1503.18941960092                1.0    0.0
1867.50000000000	1503.21414586530    1.0    0.0
1870	1503.23894043273                1.0    0.0
1872.50000000000	1503.26380304101    1.0    0.0
1875	1503.28873342895                1.0    0.0
1877.50000000000	1503.31373133636    1.0    0.0
1880	1503.33879650404                1.0    0.0
1882.50000000000	1503.36392867380    1.0    0.0
1885	1503.38912758843                1.0    0.0
1887.50000000000	1503.41439299172    1.0    0.0
1890	1503.43972462843                1.0    0.0
1892.50000000000	1503.46512224431    1.0    0.0
1895	1503.49058558608                1.0    0.0
1897.50000000000	1503.51611440142    1.0    0.0
1900	1503.54170843902                1.0    0.0
1902.50000000000	1503.56736744848    1.0    0.0
1905	1503.59309118040                1.0    0.0
1907.50000000000	1503.61887938633    1.0    0.0
1910	1503.64473181875                1.0    0.0
1912.50000000000	1503.67064823114    1.0    0.0
1915	1503.69662837787                1.0    0.0
1917.50000000000	1503.72267201429    1.0    0.0
1920	1503.74877889668                1.0    0.0
1922.50000000000	1503.77494878224    1.0    0.0
1925	1503.80118142913                1.0    0.0
1927.50000000000	1503.82747659642    1.0    0.0
1930	1503.85383404410                1.0    0.0
1932.50000000000	1503.88025353311    1.0    0.0
1935	1503.90673482527                1.0    0.0
1937.50000000000	1503.93327768333    1.0    0.0
1940	1503.95988187097                1.0    0.0
1942.50000000000	1503.98654715274    1.0    0.0
1945	1504.01327329413                1.0    0.0
1947.50000000000	1504.04006006151    1.0    0.0
1950	1504.06690722215                1.0    0.0
1952.50000000000	1504.09381454421    1.0    0.0
1955	1504.12078179675                1.0    0.0
1957.50000000000	1504.14780874971    1.0    0.0
1960	1504.17489517391                1.0    0.0
1962.50000000000	1504.20204084106    1.0    0.0
1965	1504.22924552373                1.0    0.0
1967.50000000000	1504.25650899539    1.0    0.0
1970	1504.28383103034                1.0    0.0
1972.50000000000	1504.31121140379    1.0    0.0
1975	1504.33864989179                1.0    0.0
1977.50000000000	1504.36614627123    1.0    0.0
1980	1504.39370031991                1.0    0.0
1982.50000000000	1504.42131181642    1.0    0.0
1985	1504.44898054026                1.0    0.0
1987.50000000000	1504.47670627173    1.0    0.0
1990	1504.50448879199                1.0    0.0
1992.50000000000	1504.53232788305    1.0    0.0
1995	1504.56022332774                1.0    0.0
1997.50000000000	1504.58817490974    1.0    0.0
2000	1504.61618241355                1.0    0.0
2002.50000000000	1504.64424562449    1.0    0.0
2005	1504.67236432872                1.0    0.0
2007.50000000000	1504.70053831322    1.0    0.0
2010	1504.72876736577                1.0    0.0
2012.50000000000	1504.75705127499    1.0    0.0
2015	1504.78538983028                1.0    0.0
2017.50000000000	1504.81378282189    1.0    0.0
2020	1504.84223004083                1.0    0.0
2022.50000000000	1504.87073127894    1.0    0.0
2025	1504.89928632887                1.0    0.0
2027.50000000000	1504.92789498402    1.0    0.0
2030	1504.95655703863                1.0    0.0
2032.50000000000	1504.98527228772    1.0    0.0
2035	1505.01404052706                1.0    0.0
2037.50000000000	1505.04286155326    1.0    0.0
2040	1505.07173516368                1.0    0.0
2042.50000000000	1505.10066115645    1.0    0.0
2045	1505.12963933049                1.0    0.0
2047.50000000000	1505.15866948549    1.0    0.0
2050	1505.18775142190                1.0    0.0
2052.50000000000	1505.21688494096    1.0    0.0
2055	1505.24606984465                1.0    0.0
2057.50000000000	1505.27530593570    1.0    0.0
2060	1505.30459301764                1.0    0.0
2062.50000000000	1505.33393089471    1.0    0.0
2065	1505.36331937192                1.0    0.0
2067.50000000000	1505.39275825503    1.0    0.0
2070	1505.42224735055                1.0    0.0
2072.50000000000	1505.45178646572    1.0    0.0
2075	1505.48137540853                1.0    0.0
2077.50000000000	1505.51101398770    1.0    0.0
2080	1505.54070201269                1.0    0.0
2082.50000000000	1505.57043929369    1.0    0.0
2085	1505.60022564161                1.0    0.0
2087.50000000000	1505.63006086810    1.0    0.0
2090	1505.65994478552                1.0    0.0
2092.50000000000	1505.68987720697    1.0    0.0
2095	1505.71985794625                1.0    0.0
2097.50000000000	1505.74988681787    1.0    0.0
2100	1505.77996363706                1.0    0.0
2102.50000000000	1505.81008821978    1.0    0.0
2105	1505.84026038266                1.0    0.0
2107.50000000000	1505.87047994305    1.0    0.0
2110	1505.90074671901                1.0    0.0
2112.50000000000	1505.93106052929    1.0    0.0
2115	1505.96142119333                1.0    0.0
2117.50000000000	1505.99182853128    1.0    0.0
2120	1506.02228236396                1.0    0.0
2122.50000000000	1506.05278251289    1.0    0.0
2125	1506.08332880027                1.0    0.0
2127.50000000000	1506.11392104899    1.0    0.0
2130	1506.14455908261                1.0    0.0
2132.50000000000	1506.17524272538    1.0    0.0
2135	1506.20597180222                1.0    0.0
2137.50000000000	1506.23674613870    1.0    0.0
2140	1506.26756556110                1.0    0.0
2142.50000000000	1506.29842989633    1.0    0.0
2145	1506.32933897199                1.0    0.0
2147.50000000000	1506.36029261633    1.0    0.0
2150	1506.39129065826                1.0    0.0
2152.50000000000	1506.42233292735    1.0    0.0
2155	1506.45341925381                1.0    0.0
2157.50000000000	1506.48454946854    1.0    0.0
2160	1506.51572340303                1.0    0.0
2162.50000000000	1506.54694088948    1.0    0.0
2165	1506.57820176069                1.0    0.0
2167.50000000000	1506.60950585011    1.0    0.0
2170	1506.64085299185                1.0    0.0
2172.50000000000	1506.67224302064    1.0    0.0
2175	1506.70367577183                1.0    0.0
2177.50000000000	1506.73515108144    1.0    0.0
2180	1506.76666878609                1.0    0.0
2182.50000000000	1506.79822872302    1.0    0.0
2185	1506.82983073014                1.0    0.0
2187.50000000000	1506.86147464593    1.0    0.0
2190	1506.89316030952                1.0    0.0
2192.50000000000	1506.92488756064    1.0    0.0
2195	1506.95665623967                1.0    0.0
2197.50000000000	1506.98846618755    1.0    0.0
2200	1507.02031724587                1.0    0.0
2202.50000000000	1507.05220925682    1.0    0.0
2205	1507.08414206319                1.0    0.0
2207.50000000000	1507.11611550838    1.0    0.0
2210	1507.14812943637                1.0    0.0
2212.50000000000	1507.18018369178    1.0    0.0
2215	1507.21227811979                1.0    0.0
2217.50000000000	1507.24441256618    1.0    0.0
2220	1507.27658687734                1.0    0.0
2222.50000000000	1507.30880090024    1.0    0.0
2225	1507.34105448242                1.0    0.0
2227.50000000000	1507.37334747204    1.0    0.0
2230	1507.40567971781                1.0    0.0
2232.50000000000	1507.43805106904    1.0    0.0
2235	1507.47046137562                1.0    0.0
2237.50000000000	1507.50291048800    1.0    0.0
2240	1507.53539825722                1.0    0.0
2242.50000000000	1507.56792453488    1.0    0.0
2245	1507.60048917315                1.0    0.0
2247.50000000000	1507.63309202479    1.0    0.0
2250	1507.66573294309                1.0    0.0
2252.50000000000	1507.69841178194    1.0    0.0
2255	1507.73112839575                1.0    0.0
2257.50000000000	1507.76388263953    1.0    0.0
2260	1507.79667436881                1.0    0.0
2262.50000000000	1507.82950343970    1.0    0.0
2265	1507.86236970886                1.0    0.0
2267.50000000000	1507.89527303349    1.0    0.0
2270	1507.92821327134                1.0    0.0
2272.50000000000	1507.96119028071    1.0    0.0
2275	1507.99420392044                1.0    0.0
2277.50000000000	1508.02725404992    1.0    0.0
2280	1508.06034052908                1.0    0.0
2282.50000000000	1508.09346321836    1.0    0.0
2285	1508.12662197878                1.0    0.0
2287.50000000000	1508.15981667187    1.0    0.0
2290	1508.19304715968                1.0    0.0
2292.50000000000	1508.22631330481    1.0    0.0
2295	1508.25961497037                1.0    0.0
2297.50000000000	1508.29295202003    1.0    0.0
2300	1508.32632431793                1.0    0.0
2302.50000000000	1508.35973172878    1.0    0.0
2305	1508.39317411778                1.0    0.0
2307.50000000000	1508.42665135065    1.0    0.0
2310	1508.46016329366                1.0    0.0
2312.50000000000	1508.49370981353    1.0    0.0
2315	1508.52729077756                1.0    0.0
2317.50000000000	1508.56090605350    1.0    0.0
2320	1508.59455550966                1.0    0.0
2322.50000000000	1508.62823901481    1.0    0.0
2325	1508.66195643825                1.0    0.0
2327.50000000000	1508.69570764977    1.0    0.0
2330	1508.72949251968                1.0    0.0
2332.50000000000	1508.76331091877    1.0    0.0
2335	1508.79716271832                1.0    0.0
2337.50000000000	1508.83104779011    1.0    0.0
2340	1508.86496600643                1.0    0.0
2342.50000000000	1508.89891724004    1.0    0.0
2345	1508.93290136419                1.0    0.0
2347.50000000000	1508.96691825263    1.0    0.0
2350	1509.00096777958                1.0    0.0
2352.50000000000	1509.03504981974    1.0    0.0
2355	1509.06916424832                1.0    0.0
2357.50000000000	1509.10331094096    1.0    0.0
2360	1509.13748977384                1.0    0.0
2362.50000000000	1509.17170062355    1.0    0.0
2365	1509.20594336720                1.0    0.0
2367.50000000000	1509.24021788236    1.0    0.0
2370	1509.27452404706                1.0    0.0
2372.50000000000	1509.30886173980    1.0    0.0
2375	1509.34323083956                1.0    0.0
2377.50000000000	1509.37763122578    1.0    0.0
2380	1509.41206277834                1.0    0.0
2382.50000000000	1509.44652537762    1.0    0.0
2385	1509.48101890443                1.0    0.0
2387.50000000000	1509.51554324004    1.0    0.0
2390	1509.55009826619                1.0    0.0
2392.50000000000	1509.58468386507    1.0    0.0
2395	1509.61929991931                1.0    0.0
2397.50000000000	1509.65394631200    1.0    0.0
2400	1509.68862292668                1.0    0.0
2402.50000000000	1509.72332964734    1.0    0.0
2405	1509.75806635840                1.0    0.0
2407.50000000000	1509.79283294474    1.0    0.0
2410	1509.82762929168                1.0    0.0
2412.50000000000	1509.86245528497    1.0    0.0
2415	1509.89731081080                1.0    0.0
2417.50000000000	1509.93219575580    1.0    0.0
2420	1509.96711000706                1.0    0.0
2422.50000000000	1510.00205345205    1.0    0.0
2425	1510.03702597872                1.0    0.0
2427.50000000000	1510.07202747543    1.0    0.0
2430	1510.10705783096                1.0    0.0
2432.50000000000	1510.14211693455    1.0    0.0
2435	1510.17720467582                1.0    0.0
2437.50000000000	1510.21232094484    1.0    0.0
2440	1510.24746563212                1.0    0.0
2442.50000000000	1510.28263862854    1.0    0.0
2445	1510.31783982545                1.0    0.0
2447.50000000000	1510.35306911458    1.0    0.0
2450	1510.38832638810                1.0    0.0
2452.50000000000	1510.42361153857    1.0    0.0
2455	1510.45892445900                1.0    0.0
2457.50000000000	1510.49426504277    1.0    0.0
2460	1510.52963318370                1.0    0.0
2462.50000000000	1510.56502877599    1.0    0.0
2465	1510.60045171427                1.0    0.0
2467.50000000000	1510.63590189356    1.0    0.0
2470	1510.67137920929                1.0    0.0
2472.50000000000	1510.70688355729    1.0    0.0
2475	1510.74241483379                1.0    0.0
2477.50000000000	1510.77797293542    1.0    0.0
2480	1510.81355775920                1.0    0.0
2482.50000000000	1510.84916920255    1.0    0.0
2485	1510.88480716329                1.0    0.0
2487.50000000000	1510.92047153962    1.0    0.0
2490	1510.95616223014                1.0    0.0
2492.50000000000	1510.99187913383    1.0    0.0
2495	1511.02762215007                1.0    0.0
2497.50000000000	1511.06339117862    1.0    0.0
2500	1511.09918611962                1.0    0.0
2502.50000000000	1511.13500687360    1.0    0.0
2505	1511.17085334147                1.0    0.0
2507.50000000000	1511.20672542452    1.0    0.0
2510	1511.24262302442                1.0    0.0
2512.50000000000	1511.27854604322    1.0    0.0
2515	1511.31449438334                1.0    0.0
2517.50000000000	1511.35046794758    1.0    0.0
2520	1511.38646663911                1.0    0.0
2522.50000000000	1511.42249036146    1.0    0.0
2525	1511.45853901856                1.0    0.0
2527.50000000000	1511.49461251468    1.0    0.0
2530	1511.53071075448                1.0    0.0
2532.50000000000	1511.56683364296    1.0    0.0
2535	1511.60298108551                1.0    0.0
2537.50000000000	1511.63915298786    1.0    0.0
2540	1511.67534925614                1.0    0.0
2542.50000000000	1511.71156979679    1.0    0.0
2545	1511.74781451664                1.0    0.0
2547.50000000000	1511.78408332288    1.0    0.0
2550	1511.82037612304                1.0    0.0
2552.50000000000	1511.85669282502    1.0    0.0
2555	1511.89303333706                1.0    0.0
2557.50000000000	1511.92939756776    1.0    0.0
2560	1511.96578542607                1.0    0.0
2562.50000000000	1512.00219682129    1.0    0.0
2565	1512.03863166306                1.0    0.0
2567.50000000000	1512.07508986139    1.0    0.0
2570	1512.11157132661                1.0    0.0
2572.50000000000	1512.14807596940    1.0    0.0
2575	1512.18460370079                1.0    0.0
2577.50000000000	1512.22115443215    1.0    0.0
2580	1512.25772807519                1.0    0.0
2582.50000000000	1512.29432454196    1.0    0.0
2585	1512.33094374483                1.0    0.0
2587.50000000000	1512.36758559654    1.0    0.0
2590	1512.40425001014                1.0    0.0
2592.50000000000	1512.44093689901    1.0    0.0
2595	1512.47764617688                1.0    0.0
2597.50000000000	1512.51437775781    1.0    0.0
2600	1512.55113155618                1.0    0.0
2602.50000000000	1512.58790748670    1.0    0.0
2605	1512.62470546441                1.0    0.0
2607.50000000000	1512.66152540467    1.0    0.0
2610	1512.69836722319                1.0    0.0
2612.50000000000	1512.73523083596    1.0    0.0
2615	1512.77211615934                1.0    0.0
2617.50000000000	1512.80902310997    1.0    0.0
2620	1512.84595160483                1.0    0.0
2622.50000000000	1512.88290156123    1.0    0.0
2625	1512.91987289678                1.0    0.0
2627.50000000000	1512.95686552940    1.0    0.0
2630	1512.99387937734                1.0    0.0
2632.50000000000	1513.03091435916    1.0    0.0
2635	1513.06797039374                1.0    0.0
2637.50000000000	1513.10504740025    1.0    0.0
2640	1513.14214529820                1.0    0.0
2642.50000000000	1513.17926400737    1.0    0.0
2645	1513.21640344789                1.0    0.0
2647.50000000000	1513.25356354017    1.0    0.0
2650	1513.29074420494                1.0    0.0
2652.50000000000	1513.32794536321    1.0    0.0
2655	1513.36516693632                1.0    0.0
2657.50000000000	1513.40240884591    1.0    0.0
2660	1513.43967101390                1.0    0.0
2662.50000000000	1513.47695336254    1.0    0.0
2665	1513.51425581434                1.0    0.0
2667.50000000000	1513.55157829214    1.0    0.0
2670	1513.58892071906                1.0    0.0
2672.50000000000	1513.62628301852    1.0    0.0
2675	1513.66366511425                1.0    0.0
2677.50000000000	1513.70106693023    1.0    0.0
2680	1513.73848839078                1.0    0.0
2682.50000000000	1513.77592942048    1.0    0.0
2685	1513.81338994421                1.0    0.0
2687.50000000000	1513.85086988714    1.0    0.0
2690	1513.88836917472                1.0    0.0
2692.50000000000	1513.92588773269    1.0    0.0
2695	1513.96342548707                1.0    0.0
2697.50000000000	1514.00098236419    1.0    0.0
2700	1514.03855829062                1.0    0.0
2702.50000000000	1514.07615319324    1.0    0.0
2705	1514.11376699922                1.0    0.0
2707.50000000000	1514.15139963597    1.0    0.0
2710	1514.18905103122                1.0    0.0
2712.50000000000	1514.22672111296    1.0    0.0
2715	1514.26440980945                1.0    0.0
2717.50000000000	1514.30211704923    1.0    0.0
2720	1514.33984276112                1.0    0.0
2722.50000000000	1514.37758687422    1.0    0.0
2725	1514.41534931788                1.0    0.0
2727.50000000000	1514.45313002174    1.0    0.0
2730	1514.49092891570                1.0    0.0
2732.50000000000	1514.52874592993    1.0    0.0
2735	1514.56658099487                1.0    0.0
2737.50000000000	1514.60443404123    1.0    0.0
2740	1514.64230499999                1.0    0.0
2742.50000000000	1514.68019380238    1.0    0.0
2745	1514.71810037990                1.0    0.0
2747.50000000000	1514.75602466433    1.0    0.0
2750	1514.79396658768                1.0    0.0
2752.50000000000	1514.83192608225    1.0    0.0
2755	1514.86990308059                1.0    0.0
2757.50000000000	1514.90789751549    1.0    0.0
2760	1514.94590932003                1.0    0.0
2762.50000000000	1514.98393842753    1.0    0.0
2765	1515.02198477157                1.0    0.0
2767.50000000000	1515.06004828597    1.0    0.0
2770	1515.09812890484                1.0    0.0
2772.50000000000	1515.13622656249    1.0    0.0
2775	1515.17434119354                1.0    0.0
2777.50000000000	1515.21247273282    1.0    0.0
2780	1515.25062111542                1.0    0.0
2782.50000000000	1515.28878627669    1.0    0.0
2785	1515.32696815222                1.0    0.0
2787.50000000000	1515.36516667784    1.0    0.0
2790	1515.40338178965                1.0    0.0
2792.50000000000	1515.44161342396    1.0    0.0
2795	1515.47986151736                1.0    0.0
2797.50000000000	1515.51812600665    1.0    0.0
2800	1515.55640682891                1.0    0.0
2802.50000000000	1515.59470392143    1.0    0.0
2805	1515.63301722175                1.0    0.0
2807.50000000000	1515.67134666766    1.0    0.0
2810	1515.70969219718                1.0    0.0
2812.50000000000	1515.74805374856    1.0    0.0
2815	1515.78643126031                1.0    0.0
2817.50000000000	1515.82482467115    1.0    0.0
2820	1515.86323392005                1.0    0.0
2822.50000000000	1515.90165894621    1.0    0.0
2825	1515.94009968907                1.0    0.0
2827.50000000000	1515.97855608829    1.0    0.0
2830	1516.01702808378                1.0    0.0
2832.50000000000	1516.05551561566    1.0    0.0
2835	1516.09401862429                1.0    0.0
2837.50000000000	1516.13253705026    1.0    0.0
2840	1516.17107083439                1.0    0.0
2842.50000000000	1516.20961991772    1.0    0.0
2845	1516.24818424152                1.0    0.0
2847.50000000000	1516.28676374729    1.0    0.0
2850	1516.32535837674                1.0    0.0
2852.50000000000	1516.36396807182    1.0    0.0
2855	1516.40259277470                1.0    0.0
2857.50000000000	1516.44123242776    1.0    0.0
2860	1516.47988697361                1.0    0.0
2862.50000000000	1516.51855635510    1.0    0.0
2865	1516.55724051525                1.0    0.0
2867.50000000000	1516.59593939735    1.0    0.0
2870	1516.63465294487                1.0    0.0
2872.50000000000	1516.67338110153    1.0    0.0
2875	1516.71212381123                1.0    0.0
2877.50000000000	1516.75088101812    1.0    0.0
2880	1516.78965266654                1.0    0.0
2882.50000000000	1516.82843870106    1.0    0.0
2885	1516.86723906644                1.0    0.0
2887.50000000000	1516.90605370769    1.0    0.0
2890	1516.94488256999                1.0    0.0
2892.50000000000	1516.98372559875    1.0    0.0
2895	1517.02258273960                1.0    0.0
2897.50000000000	1517.06145393835    1.0    0.0
2900	1517.10033914105                1.0    0.0
2902.50000000000	1517.13923829394    1.0    0.0
2905	1517.17815134346                1.0    0.0
2907.50000000000	1517.21707823627    1.0    0.0
2910	1517.25601891923                1.0    0.0
2912.50000000000	1517.29497333940    1.0    0.0
2915	1517.33394144404                1.0    0.0
2917.50000000000	1517.37292318064    1.0    0.0
2920	1517.41191849684                1.0    0.0
2922.50000000000	1517.45092734054    1.0    0.0
2925	1517.48994965979                1.0    0.0
2927.50000000000	1517.52898540287    1.0    0.0
2930	1517.56803451824                1.0    0.0
2932.50000000000	1517.60709695458    1.0    0.0
2935	1517.64617266075                1.0    0.0
2937.50000000000	1517.68526158581    1.0    0.0
2940	1517.72436367901                1.0    0.0
2942.50000000000	1517.76347888980    1.0    0.0
2945	1517.80260716784                1.0    0.0
2947.50000000000	1517.84174846295    1.0    0.0
2950	1517.88090272517                1.0    0.0
2952.50000000000	1517.92006990471    1.0    0.0
2955	1517.95924995200                1.0    0.0
2957.50000000000	1517.99844281764    1.0    0.0
2960	1518.03764845242                1.0    0.0
2962.50000000000	1518.07686680732    1.0    0.0
2965	1518.11609783352                1.0    0.0
2967.50000000000	1518.15534148236    1.0    0.0
2970	1518.19459770540                1.0    0.0
2972.50000000000	1518.23386645437    1.0    0.0
2975	1518.27314768117                1.0    0.0
2977.50000000000	1518.31244133792    1.0    0.0
2980	1518.35174737690                1.0    0.0
2982.50000000000	1518.39106575057    1.0    0.0
2985	1518.43039641159                1.0    0.0
2987.50000000000	1518.46973931278    1.0    0.0
2990	1518.50909440716                1.0    0.0
2992.50000000000	1518.54846164792    1.0    0.0
2995	1518.58784098844                1.0    0.0
2997.50000000000	1518.62723238226    1.0    0.0
3000	1518.66663578312                1.0    0.0
3000	1700	2.71828182845905	0
3002.50000000000	1700.50000000000	2.72054800742619	0
3005	1701	2.72281607566289	0
3007.50000000000	1701.50000000000	2.72508603474419	0
3010	1702	2.72735788624647	0
3012.50000000000	1702.50000000000	2.72963163174738	0
3015	1703	2.73190727282593	0
3017.50000000000	1703.50000000000	2.73418481106241	0
3020	1704	2.73646424803846	0
3022.50000000000	1704.50000000000	2.73874558533701	0
3025	1705	2.74102882454233	0
3027.50000000000	1705.50000000000	2.74331396724000	0
3030	1706	2.74560101501692	0
3032.50000000000	1706.50000000000	2.74788996946132	0
3035	1707	2.75018083216276	0
3037.50000000000	1707.50000000000	2.75247360471210	0
3040	1708	2.75476828870157	0
3042.50000000000	1708.50000000000	2.75706488572467	0
3045	1709	2.75936339737628	0
3047.50000000000	1709.50000000000	2.76166382525258	0
3050	1710	2.76396617095110	0
3052.50000000000	1710.50000000000	2.76627043607067	0
3055	1711	2.76857662221150	0
3057.50000000000	1711.50000000000	2.77088473097509	0
3060	1712	2.77319476396430	0
3062.50000000000	1712.50000000000	2.77550672278332	0
3065	1713	2.77782060903767	0
3067.50000000000	1713.50000000000	2.78013642433422	0
3070	1714	2.78245417028118	0
3072.50000000000	1714.50000000000	2.78477384848810	0
3075	1715	2.78709546056585	0
3077.50000000000	1715.50000000000	2.78941900812668	0
3080	1716	2.79174449278414	0
3082.50000000000	1716.50000000000	2.79407191615318	0
3085	1717	2.79640127985005	0
3087.50000000000	1717.50000000000	2.79873258549236	0
3090	1718	2.80106583469908	0
3092.50000000000	1718.50000000000	2.80340102909052	0
3095	1719	2.80573817028834	0
3097.50000000000	1719.50000000000	2.80807725991556	0
3100	1720	2.81041829959655	0
3102.50000000000	1720.50000000000	2.81276129095702	0
3105	1721	2.81510623562406	0
3107.50000000000	1721.50000000000	2.81745313522610	0
3110	1722	2.81980199139293	0
3112.50000000000	1722.50000000000	2.82215280575570	0
3115	1723	2.82450557994692	0
3117.50000000000	1723.50000000000	2.82686031560046	0
3120	1724	2.82921701435156	0
3122.50000000000	1724.50000000000	2.83157567783681	0
3125	1725	2.83393630769417	0
3127.50000000000	1725.50000000000	2.83629890556297	0
3130	1726	2.83866347308390	0
3132.50000000000	1726.50000000000	2.84103001189902	0
3135	1727	2.84339852365177	0
3137.50000000000	1727.50000000000	2.84576900998694	0
3140	1728	2.84814147255070	0
3142.50000000000	1728.50000000000	2.85051591299060	0
3145	1729	2.85289233295555	0
3147.50000000000	1729.50000000000	2.85527073409585	0
3150	1730	2.85765111806316	0
3152.50000000000	1730.50000000000	2.86003348651053	0
3155	1731	2.86241784109239	0
3157.50000000000	1731.50000000000	2.86480418346452	0
3160	1732	2.86719251528412	0
3162.50000000000	1732.50000000000	2.86958283820974	0
3165	1733	2.87197515390135	0
3167.50000000000	1733.50000000000	2.87436946402025	0
3170	1734	2.87676577022918	0
3172.50000000000	1734.50000000000	2.87916407419223	0
3175	1735	2.88156437757490	0
3177.50000000000	1735.50000000000	2.88396668204405	0
3180	1736	2.88637098926796	0
3182.50000000000	1736.50000000000	2.88877730091628	0
3185	1737	2.89118561866007	0
3187.50000000000	1737.50000000000	2.89359594417176	0
3190	1738	2.89600827912520	0
3192.50000000000	1738.50000000000	2.89842262519561	0
3195	1739	2.90083898405963	0
3197.50000000000	1739.50000000000	2.90325735739529	0
3200	1740	2.90567774688200	0
3202.50000000000	1740.50000000000	2.90810015420060	0
3205	1741	2.91052458103331	0
3207.50000000000	1741.50000000000	2.91295102906377	0
3210	1742	2.91537949997700	0
3212.50000000000	1742.50000000000	2.91780999545944	0
3215	1743	2.92024251719895	0
3217.50000000000	1743.50000000000	2.92267706688476	0
3220	1744	2.92511364620754	0
3222.50000000000	1744.50000000000	2.92755225685936	0
3225	1745	2.92999290053370	0
3227.50000000000	1745.50000000000	2.93243557892545	0
3230	1746	2.93488029373091	0
3232.50000000000	1746.50000000000	2.93732704664781	0
3235	1747	2.93977583937528	0
3237.50000000000	1747.50000000000	2.94222667361386	0
3240	1748	2.94467955106552	0
3242.50000000000	1748.50000000000	2.94713447343366	0
3245	1749	2.94959144242309	0
3247.50000000000	1749.50000000000	2.95205045974002	0
3250	1750	2.95451152709211	0
3252.50000000000	1750.50000000000	2.95697464618843	0
3255	1751	2.95943981873949	0
3257.50000000000	1751.50000000000	2.96190704645721	0
3260	1752	2.96437633105494	0
3262.50000000000	1752.50000000000	2.96684767424747	0
3265	1753	2.96932107775100	0
3267.50000000000	1753.50000000000	2.97179654328317	0
3270	1754	2.97427407256307	0
3272.50000000000	1754.50000000000	2.97675366731118	0
3275	1755	2.97923532924947	0
3277.50000000000	1755.50000000000	2.98171906010130	0
3280	1756	2.98420486159148	0
3282.50000000000	1756.50000000000	2.98669273544627	0
3285	1757	2.98918268339336	0
3287.50000000000	1757.50000000000	2.99167470716188	0
3290	1758	2.99416880848240	0
3292.50000000000	1758.50000000000	2.99666498908693	0
3295	1759	2.99916325070894	0
3297.50000000000	1759.50000000000	3.00166359508332	0
3300	1760	3.00416602394643	0
3302.50000000000	1760.50000000000	3.00667053903607	0
3305	1761	3.00917714209148	0
3307.50000000000	1761.50000000000	3.01168583485337	0
3310	1762	3.01419661906386	0
3312.50000000000	1762.50000000000	3.01670949646658	0
3315	1763	3.01922446880657	0
3317.50000000000	1763.50000000000	3.02174153783034	0
3320	1764	3.02426070528585	0
3322.50000000000	1764.50000000000	3.02678197292253	0
3325	1765	3.02930534249126	0
3327.50000000000	1765.50000000000	3.03183081574437	0
3330	1766	3.03435839443568	0
3332.50000000000	1766.50000000000	3.03688808032043	0
3335	1767	3.03941987515536	0
3337.50000000000	1767.50000000000	3.04195378069866	0
3340	1768	3.04448979870999	0
3342.50000000000	1768.50000000000	3.04702793095047	0
3345	1769	3.04956817918268	0
3347.50000000000	1769.50000000000	3.05211054517070	0
3350	1770	3.05465503068006	0
3352.50000000000	1770.50000000000	3.05720163747775	0
3355	1771	3.05975036733226	0
3357.50000000000	1771.50000000000	3.06230122201353	0
3360	1772	3.06485420329300	0
3362.50000000000	1772.50000000000	3.06740931294357	0
3365	1773	3.06996655273962	0
3367.50000000000	1773.50000000000	3.07252592445700	0
3370	1774	3.07508742987307	0
3372.50000000000	1774.50000000000	3.07765107076665	0
3375	1775	3.08021684891803	0
3377.50000000000	1775.50000000000	3.08278476610902	0
3380	1776	3.08535482412289	0
3382.50000000000	1776.50000000000	3.08792702474439	0
3385	1777	3.09050136975979	0
3387.50000000000	1777.50000000000	3.09307786095682	0
3390	1778	3.09565650012471	0
3392.50000000000	1778.50000000000	3.09823728905419	0
3395	1779	3.10082022953746	0
3397.50000000000	1779.50000000000	3.10340532336823	0
3400	1780	3.10599257234172	0
3402.50000000000	1780.50000000000	3.10858197825462	0
3405	1781	3.11117354290513	0
3407.50000000000	1781.50000000000	3.11376726809294	0
3410	1782	3.11636315561927	0
3412.50000000000	1782.50000000000	3.11896120728679	0
3415	1783	3.12156142489973	0
3417.50000000000	1783.50000000000	3.12416381026378	0
3420	1784	3.12676836518616	0
3422.50000000000	1784.50000000000	3.12937509147558	0
3425	1785	3.13198399094228	0
3427.50000000000	1785.50000000000	3.13459506539798	0
3430	1786	3.13720831665594	0
3432.50000000000	1786.50000000000	3.13982374653091	0
3435	1787	3.14244135683917	0
3437.50000000000	1787.50000000000	3.14506114939849	0
3440	1788	3.14768312602818	0
3442.50000000000	1788.50000000000	3.15030728854906	0
3445	1789	3.15293363878346	0
3447.50000000000	1789.50000000000	3.15556217855524	0
3450	1790	3.15819290968977	0
3452.50000000000	1790.50000000000	3.16082583401394	0
3455	1791	3.16346095335619	0
3457.50000000000	1791.50000000000	3.16609826954644	0
3460	1792	3.16873778441617	0
3462.50000000000	1792.50000000000	3.17137949979839	0
3465	1793	3.17402341752760	0
3467.50000000000	1793.50000000000	3.17666953943987	0
3470	1794	3.17931786737278	0
3472.50000000000	1794.50000000000	3.18196840316545	0
3475	1795	3.18462114865853	0
3477.50000000000	1795.50000000000	3.18727610569420	0
3480	1796	3.18993327611618	0
3482.50000000000	1796.50000000000	3.19259266176974	0
3485	1797	3.19525426450166	0
3487.50000000000	1797.50000000000	3.19791808616028	0
3490	1798	3.20058412859547	0
3492.50000000000	1798.50000000000	3.20325239365866	0
3495	1799	3.20592288320281	0
3497.50000000000	1799.50000000000	3.20859559908243	0
3500	1800	3.21127054315356	0
3502.50000000000	1800.50000000000	3.21394771727381	0
3505	1801	3.21662712330232	0
3507.50000000000	1801.50000000000	3.21930876309981	0
3510	1802	3.22199263852850	0
3512.50000000000	1802.50000000000	3.22467875145221	0
3515	1803	3.22736710373630	0
3517.50000000000	1803.50000000000	3.23005769724767	0
3520	1804	3.23275053385479	0
3522.50000000000	1804.50000000000	3.23544561542770	0
3525	1805	3.23814294383796	0
3527.50000000000	1805.50000000000	3.24084252095873	0
3530	1806	3.24354434866472	0
3532.50000000000	1806.50000000000	3.24624842883219	0
3535	1807	3.24895476333898	0
3537.50000000000	1807.50000000000	3.25166335406448	0
3540	1808	3.25437420288967	0
3542.50000000000	1808.50000000000	3.25708731169707	0
3545	1809	3.25980268237080	0
3547.50000000000	1809.50000000000	3.26252031679651	0
3550	1810	3.26524021686147	0
3552.50000000000	1810.50000000000	3.26796238445448	0
3555	1811	3.27068682146595	0
3557.50000000000	1811.50000000000	3.27341352978785	0
3560	1812	3.27614251131371	0
3562.50000000000	1812.50000000000	3.27887376793867	0
3565	1813	3.28160730155944	0
3567.50000000000	1813.50000000000	3.28434311407430	0
3570	1814	3.28708120738312	0
3572.50000000000	1814.50000000000	3.28982158338735	0
3575	1815	3.29256424399004	0
3577.50000000000	1815.50000000000	3.29530919109581	0
3580	1816	3.29805642661087	0
3582.50000000000	1816.50000000000	3.30080595244303	0
3585	1817	3.30355777050167	0
3587.50000000000	1817.50000000000	3.30631188269779	0
3590	1818	3.30906829094396	0
3592.50000000000	1818.50000000000	3.31182699715435	0
3595	1819	3.31458800324474	0
3597.50000000000	1819.50000000000	3.31735131113248	0
3600	1820	3.32011692273655	0
3602.50000000000	1820.50000000000	3.32288483997750	0
3605	1821	3.32565506477750	0
3607.50000000000	1821.50000000000	3.32842759906032	0
3610	1822	3.33120244475132	0
3612.50000000000	1822.50000000000	3.33397960377750	0
3615	1823	3.33675907806742	0
3617.50000000000	1823.50000000000	3.33954086955127	0
3620	1824	3.34232498016087	0
3622.50000000000	1824.50000000000	3.34511141182961	0
3625	1825	3.34790016649253	0
3627.50000000000	1825.50000000000	3.35069124608625	0
3630	1826	3.35348465254902	0
3632.50000000000	1826.50000000000	3.35628038782072	0
3635	1827	3.35907845384282	0
3637.50000000000	1827.50000000000	3.36187885255843	0
3640	1828	3.36468158591226	0
3642.50000000000	1828.50000000000	3.36748665585067	0
3645	1829	3.37029406432161	0
3647.50000000000	1829.50000000000	3.37310381327467	0
3650	1830	3.37591590466107	0
3652.50000000000	1830.50000000000	3.37873034043366	0
3655	1831	3.38154712254689	0
3657.50000000000	1831.50000000000	3.38436625295687	0
3660	1832	3.38718773362133	0
3662.50000000000	1832.50000000000	3.39001156649964	0
3665	1833	3.39283775355277	0
3667.50000000000	1833.50000000000	3.39566629674337	0
3670	1834	3.39849719803571	0
3672.50000000000	1834.50000000000	3.40133045939567	0
3675	1835	3.40416608279082	0
3677.50000000000	1835.50000000000	3.40700407019033	0
3680	1836	3.40984442356502	0
3682.50000000000	1836.50000000000	3.41268714488736	0
3685	1837	3.41553223613148	0
3687.50000000000	1837.50000000000	3.41837969927311	0
3690	1838	3.42122953628967	0
3692.50000000000	1838.50000000000	3.42408174916022	0
3695	1839	3.42693633986545	0
3697.50000000000	1839.50000000000	3.42979331038772	0
3700	1840	3.43265266271104	0
3702.50000000000	1840.50000000000	3.43551439882107	0
3705	1841	3.43837852070513	0
3707.50000000000	1841.50000000000	3.44124503035218	0
3710	1842	3.44411392975287	0
3712.50000000000	1842.50000000000	3.44698522089947	0
3715	1843	3.44985890578596	0
3717.50000000000	1843.50000000000	3.45273498640793	0
3720	1844	3.45561346476268	0
3722.50000000000	1844.50000000000	3.45849434284913	0
3725	1845	3.46137762266791	0
3727.50000000000	1845.50000000000	3.46426330622128	0
3730	1846	3.46715139551320	0
3732.50000000000	1846.50000000000	3.47004189254929	0
3735	1847	3.47293479933683	0
3737.50000000000	1847.50000000000	3.47583011788478	0
3740	1848	3.47872785020379	0
3742.50000000000	1848.50000000000	3.48162799830617	0
3745	1849	3.48453056420591	0
3747.50000000000	1849.50000000000	3.48743554991869	0
3750	1850	3.49034295746184	0
3752.50000000000	1850.50000000000	3.49325278885441	0
3755	1851	3.49616504611712	0
3757.50000000000	1851.50000000000	3.49907973127236	0
3760	1852	3.50199684634422	0
3762.50000000000	1852.50000000000	3.50491639335847	0
3765	1853	3.50783837434258	0
3767.50000000000	1853.50000000000	3.51076279132571	0
3770	1854	3.51368964633869	0
3772.50000000000	1854.50000000000	3.51661894141407	0
3775	1855	3.51955067858607	0
3777.50000000000	1855.50000000000	3.52248485989064	0
3780	1856	3.52542148736538	0
3782.50000000000	1856.50000000000	3.52836056304964	0
3785	1857	3.53130208898442	0
3787.50000000000	1857.50000000000	3.53424606721247	0
3790	1858	3.53719249977820	0
3792.50000000000	1858.50000000000	3.54014138872776	0
3795	1859	3.54309273610898	0
3797.50000000000	1859.50000000000	3.54604654397141	0
3800	1860	3.54900281436630	0
3802.50000000000	1860.50000000000	3.55196154934663	0
3805	1861	3.55492275096706	0
3807.50000000000	1861.50000000000	3.55788642128399	0
3810	1862	3.56085256235552	0
3812.50000000000	1862.50000000000	3.56382117624147	0
3815	1863	3.56679226500339	0
3817.50000000000	1863.50000000000	3.56976583070452	0
3820	1864	3.57274187540984	0
3822.50000000000	1864.50000000000	3.57572040118606	0
3825	1865	3.57870141010158	0
3827.50000000000	1865.50000000000	3.58168490422656	0
3830	1866	3.58467088563287	0
3832.50000000000	1866.50000000000	3.58765935639410	0
3835	1867	3.59065031858559	0
3837.50000000000	1867.50000000000	3.59364377428439	0
3840	1868	3.59663972556928	0
3842.50000000000	1868.50000000000	3.59963817452080	0
3845	1869	3.60263912322119	0
3847.50000000000	1869.50000000000	3.60564257375445	0
3850	1870	3.60864852820631	0
3852.50000000000	1870.50000000000	3.61165698866424	0
3855	1871	3.61466795721745	0
3857.50000000000	1871.50000000000	3.61768143595688	0
3860	1872	3.62069742697523	0
3862.50000000000	1872.50000000000	3.62371593236694	0
3865	1873	3.62673695422820	0
3867.50000000000	1873.50000000000	3.62976049465692	0
3870	1874	3.63278655575281	0
3872.50000000000	1874.50000000000	3.63581513961728	0
3875	1875	3.63884624835353	0
3877.50000000000	1875.50000000000	3.64187988406648	0
3880	1876	3.64491604886282	0
3882.50000000000	1876.50000000000	3.64795474485102	0
3885	1877	3.65099597414127	0
3887.50000000000	1877.50000000000	3.65403973884554	0
3890	1878	3.65708604107755	0
3892.50000000000	1878.50000000000	3.66013488295279	0
3895	1879	3.66318626658852	0
3897.50000000000	1879.50000000000	3.66624019410374	0
3900	1880	3.66929666761924	0
3902.50000000000	1880.50000000000	3.67235568925758	0
3905	1881	3.67541726114308	0
3907.50000000000	1881.50000000000	3.67848138540181	0
3910	1882	3.68154806416166	0
3912.50000000000	1882.50000000000	3.68461729955226	0
3915	1883	3.68768909370502	0
3917.50000000000	1883.50000000000	3.69076344875313	0
3920	1884	3.69384036683156	0
3922.50000000000	1884.50000000000	3.69691985007706	0
3925	1885	3.70000190062816	0
3927.50000000000	1885.50000000000	3.70308652062517	0
3930	1886	3.70617371221020	0
3932.50000000000	1886.50000000000	3.70926347752712	0
3935	1887	3.71235581872160	0
3937.50000000000	1887.50000000000	3.71545073794110	0
3940	1888	3.71854823733488	0
3942.50000000000	1888.50000000000	3.72164831905398	0
3945	1889	3.72475098525122	0
3947.50000000000	1889.50000000000	3.72785623808124	0
3950	1890	3.73096407970046	0
3952.50000000000	1890.50000000000	3.73407451226711	0
3955	1891	3.73718753794121	0
3957.50000000000	1891.50000000000	3.74030315888459	0
3960	1892	3.74342137726086	0
3962.50000000000	1892.50000000000	3.74654219523547	0
3965	1893	3.74966561497563	0
3967.50000000000	1893.50000000000	3.75279163865041	0
3970	1894	3.75592026843064	0
3972.50000000000	1894.50000000000	3.75905150648898	0
3975	1895	3.76218535499991	0
3977.50000000000	1895.50000000000	3.76532181613971	0
3980	1896	3.76846089208648	0
3982.50000000000	1896.50000000000	3.77160258502013	0
3985	1897	3.77474689712239	0
3987.50000000000	1897.50000000000	3.77789383057682	0
3990	1898	3.78104338756878	0
3992.50000000000	1898.50000000000	3.78419557028547	0
3995	1899	3.78735038091590	0
3997.50000000000	1899.50000000000	3.79050782165091	0
4000	1900	3.79366789468318	0
4002.50000000000	1900.50000000000	3.79683060220719	0
4005	1901	3.79999594641927	0
4007.50000000000	1901.50000000000	3.80316392951758	0
4010	1902	3.80633455370210	0
4012.50000000000	1902.50000000000	3.80950782117466	0
4015	1903	3.81268373413892	0
4017.50000000000	1903.50000000000	3.81586229480036	0
4020	1904	3.81904350536634	0
4022.50000000000	1904.50000000000	3.82222736804601	0
4025	1905	3.82541388505039	0
4027.50000000000	1905.50000000000	3.82860305859235	0
4030	1906	3.83179489088659	0
4032.50000000000	1906.50000000000	3.83498938414965	0
4035	1907	3.83818654059994	0
4037.50000000000	1907.50000000000	3.84138636245771	0
4040	1908	3.84458885194505	0
4042.50000000000	1908.50000000000	3.84779401128591	0
4045	1909	3.85100184270610	0
4047.50000000000	1909.50000000000	3.85421234843328	0
4050	1910	3.85742553069697	0
4052.50000000000	1910.50000000000	3.86064139172855	0
4055	1911	3.86385993376124	0
4057.50000000000	1911.50000000000	3.86708115903016	0
4060	1912	3.87030506977226	0
4062.50000000000	1912.50000000000	3.87353166822637	0
4065	1913	3.87676095663318	0
4067.50000000000	1913.50000000000	3.87999293723526	0
4070	1914	3.88322761227703	0
4072.50000000000	1914.50000000000	3.88646498400480	0
4075	1915	3.88970505466674	0
4077.50000000000	1915.50000000000	3.89294782651290	0
4080	1916	3.89619330179522	0
4082.50000000000	1916.50000000000	3.89944148276748	0
4085	1917	3.90269237168537	0
4087.50000000000	1917.50000000000	3.90594597080645	0
4090	1918	3.90920228239017	0
4092.50000000000	1918.50000000000	3.91246130869786	0
4095	1919	3.91572305199272	0
4097.50000000000	1919.50000000000	3.91898751453986	0
4100	1920	3.92225469860627	0
4102.50000000000	1920.50000000000	3.92552460646081	0
4105	1921	3.92879724037427	0
4107.50000000000	1921.50000000000	3.93207260261931	0
4110	1922	3.93535069547047	0
4112.50000000000	1922.50000000000	3.93863152120422	0
4115	1923	3.94191508209891	0
4117.50000000000	1923.50000000000	3.94520138043479	0
4120	1924	3.94849041849401	0
4122.50000000000	1924.50000000000	3.95178219856062	0
4125	1925	3.95507672292058	0
4127.50000000000	1925.50000000000	3.95837399386176	0
4130	1926	3.96167401367392	0
4132.50000000000	1926.50000000000	3.96497678464876	0
4135	1927	3.96828230907985	0
4137.50000000000	1927.50000000000	3.97159058926271	0
4140	1928	3.97490162749475	0
4142.50000000000	1928.50000000000	3.97821542607530	0
4145	1929	3.98153198730561	0
4147.50000000000	1929.50000000000	3.98485131348885	0
4150	1930	3.98817340693011	0
4152.50000000000	1930.50000000000	3.99149826993639	0
4155	1931	3.99482590481663	0
4157.50000000000	1931.50000000000	3.99815631388169	0
4160	1932	4.00148949944435	0
4162.50000000000	1932.50000000000	4.00482546381933	0
4165	1933	4.00816420932325	0
4167.50000000000	1933.50000000000	4.01150573827471	0
4170	1934	4.01485005299420	0
4172.50000000000	1934.50000000000	4.01819715580417	0
4175	1935	4.02154704902899	0
4177.50000000000	1935.50000000000	4.02489973499498	0
4180	1936	4.02825521603039	0
4182.50000000000	1936.50000000000	4.03161349446542	0
4185	1937	4.03497457263220	0
4187.50000000000	1937.50000000000	4.03833845286482	0
4190	1938	4.04170513749931	0
4192.50000000000	1938.50000000000	4.04507462887364	0
4195	1939	4.04844692932773	0
4197.50000000000	1939.50000000000	4.05182204120347	0
4200	1940	4.05519996684467	0
4202.50000000000	1940.50000000000	4.05858070859713	0
4205	1941	4.06196426880858	0
4207.50000000000	1941.50000000000	4.06535064982870	0
4210	1942	4.06873985400917	0
4212.50000000000	1942.50000000000	4.07213188370358	0
4215	1943	4.07552674126753	0
4217.50000000000	1943.50000000000	4.07892442905854	0
4220	1944	4.08232494943612	0
4222.50000000000	1944.50000000000	4.08572830476175	0
4225	1945	4.08913449739887	0
4227.50000000000	1945.50000000000	4.09254352971288	0
4230	1946	4.09595540407118	0
4232.50000000000	1946.50000000000	4.09937012284311	0
4235	1947	4.10278768840002	0
4237.50000000000	1947.50000000000	4.10620810311521	0
4240	1948	4.10963136936397	0
4242.50000000000	1948.50000000000	4.11305748952357	0
4245	1949	4.11648646597326	0
4247.50000000000	1949.50000000000	4.11991830109427	0
4250	1950	4.12335299726982	0
4252.50000000000	1950.50000000000	4.12679055688512	0
4255	1951	4.13023098232736	0
4257.50000000000	1951.50000000000	4.13367427598573	0
4260	1952	4.13712044025139	0
4262.50000000000	1952.50000000000	4.14056947751753	0
4265	1953	4.14402139017931	0
4267.50000000000	1953.50000000000	4.14747618063389	0
4270	1954	4.15093385128042	0
4272.50000000000	1954.50000000000	4.15439440452007	0
4275	1955	4.15785784275601	0
4277.50000000000	1955.50000000000	4.16132416839339	0
4280	1956	4.16479338383939	0
4282.50000000000	1956.50000000000	4.16826549150318	0
4285	1957	4.17174049379596	0
4287.50000000000	1957.50000000000	4.17521839313091	0
4290	1958	4.17869919192325	0
4292.50000000000	1958.50000000000	4.18218289259019	0
4295	1959	4.18566949755098	0
4297.50000000000	1959.50000000000	4.18915900922686	0
4300	1960	4.19265143004112	0
4302.50000000000	1960.50000000000	4.19614676241903	0
4305	1961	4.19964500878792	0
4307.50000000000	1961.50000000000	4.20314617157713	0
4310	1962	4.20665025321801	0
4312.50000000000	1962.50000000000	4.21015725614396	0
4315	1963	4.21366718279040	0
4317.50000000000	1963.50000000000	4.21718003559477	0
4320	1964	4.22069581699655	0
4322.50000000000	1964.50000000000	4.22421452943727	0
4325	1965	4.22773617536047	0
4327.50000000000	1965.50000000000	4.23126075721174	0
4330	1966	4.23478827743871	0
4332.50000000000	1966.50000000000	4.23831873849103	0
4335	1967	4.24185214282044	0
4337.50000000000	1967.50000000000	4.24538849288066	0
4340	1968	4.24892779112751	0
4342.50000000000	1968.50000000000	4.25247004001883	0
4345	1969	4.25601524201452	0
4347.50000000000	1969.50000000000	4.25956339957651	0
4350	1970	4.26311451516882	0
4352.50000000000	1970.50000000000	4.26666859125749	0
4355	1971	4.27022563031063	0
4357.50000000000	1971.50000000000	4.27378563479840	0
4360	1972	4.27734860719304	0
4362.50000000000	1972.50000000000	4.28091454996883	0
4365	1973	4.28448346560212	0
4367.50000000000	1973.50000000000	4.28805535657132	0
4370	1974	4.29163022535691	0
4372.50000000000	1974.50000000000	4.29520807444144	0
4375	1975	4.29878890630953	0
4377.50000000000	1975.50000000000	4.30237272344786	0
4380	1976	4.30595952834521	0
4382.50000000000	1976.50000000000	4.30954932349240	0
4385	1977	4.31314211138234	0
4387.50000000000	1977.50000000000	4.31673789451004	0
4390	1978	4.32033667537257	0
4392.50000000000	1978.50000000000	4.32393845646906	0
4395	1979	4.32754324030077	0
4397.50000000000	1979.50000000000	4.33115102937102	0
4400	1980	4.33476182618521	0
4402.50000000000	1980.50000000000	4.33837563325084	0
4405	1981	4.34199245307751	0
4407.50000000000	1981.50000000000	4.34561228817688	0
4410	1982	4.34923514106274	0
4412.50000000000	1982.50000000000	4.35286101425096	0
4415	1983	4.35648991025950	0
4417.50000000000	1983.50000000000	4.36012183160843	0
4420	1984	4.36375678081992	0
4422.50000000000	1984.50000000000	4.36739476041824	0
4425	1985	4.37103577292976	0
4427.50000000000	1985.50000000000	4.37467982088296	0
4430	1986	4.37832690680844	0
4432.50000000000	1986.50000000000	4.38197703323890	0
4435	1987	4.38563020270913	0
4437.50000000000	1987.50000000000	4.38928641775607	0
4440	1988	4.39294568091876	0
4442.50000000000	1988.50000000000	4.39660799473834	0
4445	1989	4.40027336175810	0
4447.50000000000	1989.50000000000	4.40394178452342	0
4450	1990	4.40761326558183	0
4452.50000000000	1990.50000000000	4.41128780748296	0
4455	1991	4.41496541277858	0
4457.50000000000	1991.50000000000	4.41864608402258	0
4460	1992	4.42232982377098	0
4462.50000000000	1992.50000000000	4.42601663458193	0
4465	1993	4.42970651901573	0
4467.50000000000	1993.50000000000	4.43339947963479	0
4470	1994	4.43709551900366	0
4472.50000000000	1994.50000000000	4.44079463968905	0
4475	1995	4.44449684425978	0
4477.50000000000	1995.50000000000	4.44820213528683	0
4480	1996	4.45191051534332	0
4482.50000000000	1996.50000000000	4.45562198700452	0
4485	1997	4.45933655284783	0
4487.50000000000	1997.50000000000	4.46305421545281	0
4490	1998	4.46677497740118	0
4492.50000000000	1998.50000000000	4.47049884127679	0
4495	1999	4.47422580966567	0
4497.50000000000	1999.50000000000	4.47795588515598	0
4500	2000	4.48168907033806	0
4502.50000000000	2000.50000000000	4.48542536780440	0
4505	2001	4.48916478014965	0
4507.50000000000	2001.50000000000	4.49290730997062	0
4510	2002	4.49665295986629	0
4512.50000000000	2002.50000000000	4.50040173243781	0
4515	2003	4.50415363028848	0
4517.50000000000	2003.50000000000	4.50790865602381	0
4520	2004	4.51166681225144	0
4522.50000000000	2004.50000000000	4.51542810158120	0
4525	2005	4.51919252662511	0
4527.50000000000	2005.50000000000	4.52296008999734	0
4530	2006	4.52673079431425	0
4532.50000000000	2006.50000000000	4.53050464219440	0
4535	2007	4.53428163625852	0
4537.50000000000	2007.50000000000	4.53806177912950	0
4540	2008	4.54184507343246	0
4542.50000000000	2008.50000000000	4.54563152179468	0
4545	2009	4.54942112684565	0
4547.50000000000	2009.50000000000	4.55321389121702	0
4550	2010	4.55700981754266	0
4552.50000000000	2010.50000000000	4.56080890845864	0
4555	2011	4.56461116660321	0
4557.50000000000	2011.50000000000	4.56841659461683	0
4560	2012	4.57222519514216	0
4562.50000000000	2012.50000000000	4.57603697082406	0
4565	2013	4.57985192430959	0
4567.50000000000	2013.50000000000	4.58367005824803	0
4570	2014	4.58749137529087	0
4572.50000000000	2014.50000000000	4.59131587809178	0
4575	2015	4.59514356930669	0
4577.50000000000	2015.50000000000	4.59897445159370	0
4580	2016	4.60280852761316	0
4582.50000000000	2016.50000000000	4.60664580002761	0
4585	2017	4.61048627150183	0
4587.50000000000	2017.50000000000	4.61432994470282	0
4590	2018	4.61817682229978	0
4592.50000000000	2018.50000000000	4.62202690696417	0
4595	2019	4.62588020136965	0
4597.50000000000	2019.50000000000	4.62973670819212	0
4600	2020	4.63359643010972	0
4602.50000000000	2020.50000000000	4.63745936980280	0
4605	2021	4.64132552995396	0
4607.50000000000	2021.50000000000	4.64519491324804	0
4610	2022	4.64906752237211	0
4612.50000000000	2022.50000000000	4.65294336001547	0
4615	2023	4.65682242886969	0
4617.50000000000	2023.50000000000	4.66070473162856	0
4620	2024	4.66459027098813	0
4622.50000000000	2024.50000000000	4.66847904964668	0
4625	2025	4.67237107030476	0
4627.50000000000	2025.50000000000	4.67626633566516	0
4630	2026	4.68016484843293	0
4632.50000000000	2026.50000000000	4.68406661131536	0
4635	2027	4.68797162702201	0
4637.50000000000	2027.50000000000	4.69187989826471	0
4640	2028	4.69579142775752	0
4642.50000000000	2028.50000000000	4.69970621821680	0
4645	2029	4.70362427236113	0
4647.50000000000	2029.50000000000	4.70754559291140	0
4650	2030	4.71147018259074	0
4652.50000000000	2030.50000000000	4.71539804412457	0
4655	2031	4.71932918024056	0
4657.50000000000	2031.50000000000	4.72326359366867	0
4660	2032	4.72720128714113	0
4662.50000000000	2032.50000000000	4.73114226339245	0
4665	2033	4.73508652515942	0
4667.50000000000	2033.50000000000	4.73903407518112	0
4670	2034	4.74298491619889	0
4672.50000000000	2034.50000000000	4.74693905095638	0
4675	2035	4.75089648219951	0
4677.50000000000	2035.50000000000	4.75485721267650	0
4680	2036	4.75882124513785	0
4682.50000000000	2036.50000000000	4.76278858233638	0
4685	2037	4.76675922702716	0
4687.50000000000	2037.50000000000	4.77073318196760	0
4690	2038	4.77471044991739	0
4692.50000000000	2038.50000000000	4.77869103363851	0
4695	2039	4.78267493589527	0
4697.50000000000	2039.50000000000	4.78666215945426	0
4700	2040	4.79065270708438	0
4702.50000000000	2040.50000000000	4.79464658155685	0
4705	2041	4.79864378564520	0
4707.50000000000	2041.50000000000	4.80264432212526	0
4710	2042	4.80664819377518	0
4712.50000000000	2042.50000000000	4.81065540337543	0
4715	2043	4.81466595370879	0
4717.50000000000	2043.50000000000	4.81867984756036	0
4720	2044	4.82269708771758	0
4722.50000000000	2044.50000000000	4.82671767697020	0
4725	2045	4.83074161811028	0
4727.50000000000	2045.50000000000	4.83476891393224	0
4730	2046	4.83879956723280	0
4732.50000000000	2046.50000000000	4.84283358081103	0
4735	2047	4.84687095746834	0
4737.50000000000	2047.50000000000	4.85091170000845	0
4740	2048	4.85495581123743	0
4742.50000000000	2048.50000000000	4.85900329396370	0
4745	2049	4.86305415099801	0
4747.50000000000	2049.50000000000	4.86710838515346	0
4750	2050	4.87116599924547	0
4752.50000000000	2050.50000000000	4.87522699609185	0
4755	2051	4.87929137851273	0
4757.50000000000	2051.50000000000	4.88335914933060	0
4760	2052	4.88743031137029	0
4762.50000000000	2052.50000000000	4.89150486745900	0
4765	2053	4.89558282042630	0
4767.50000000000	2053.50000000000	4.89966417310408	0
4770	2054	4.90374892832662	0
4772.50000000000	2054.50000000000	4.90783708893056	0
4775	2055	4.91192865775490	0
4777.50000000000	2055.50000000000	4.91602363764101	0
4780	2056	4.92012203143261	0
4782.50000000000	2056.50000000000	4.92422384197582	0
4785	2057	4.92832907211913	0
4787.50000000000	2057.50000000000	4.93243772471337	0
4790	2058	4.93654980261179	0
4792.50000000000	2058.50000000000	4.94066530866999	0
4795	2059	4.94478424574596	0
4797.50000000000	2059.50000000000	4.94890661670009	0
4800	2060	4.95303242439512	0
4802.50000000000	2060.50000000000	4.95716167169619	0
4805	2061	4.96129436147085	0
4807.50000000000	2061.50000000000	4.96543049658902	0
4810	2062	4.96957007992300	0
4812.50000000000	2062.50000000000	4.97371311434752	0
4815	2063	4.97785960273969	0
4817.50000000000	2063.50000000000	4.98200954797899	0
4820	2064	4.98616295294735	0
4822.50000000000	2064.50000000000	4.99031982052907	0
4825	2065	4.99448015361087	0
4827.50000000000	2065.50000000000	4.99864395508187	0
4830	2066	5.00281122783359	0
4832.50000000000	2066.50000000000	5.00698197475997	0
4835	2067	5.01115619875737	0
4837.50000000000	2067.50000000000	5.01533390272456	0
4840	2068	5.01951508956271	0
4842.50000000000	2068.50000000000	5.02369976217544	0
4845	2069	5.02788792346875	0
4847.50000000000	2069.50000000000	5.03207957635110	0
4850	2070	5.03627472373336	0
4852.50000000000	2070.50000000000	5.04047336852883	0
4855	2071	5.04467551365323	0
4857.50000000000	2071.50000000000	5.04888116202471	0
4860	2072	5.05309031656387	0
4862.50000000000	2072.50000000000	5.05730298019373	0
4865	2073	5.06151915583975	0
4867.50000000000	2073.50000000000	5.06573884642983	0
4870	2074	5.06996205489432	0
4872.50000000000	2074.50000000000	5.07418878416599	0
4875	2075	5.07841903718008	0
4877.50000000000	2075.50000000000	5.08265281687426	0
4880	2076	5.08689012618865	0
4882.50000000000	2076.50000000000	5.09113096806584	0
4885	2077	5.09537534545085	0
4887.50000000000	2077.50000000000	5.09962326129116	0
4890	2078	5.10387471853673	0
4892.50000000000	2078.50000000000	5.10812972013994	0
4895	2079	5.11238826905566	0
4897.50000000000	2079.50000000000	5.11665036824122	0
4900	2080	5.12091602065640	0
4902.50000000000	2080.50000000000	5.12518522926347	0
4905	2081	5.12945799702716	0
4907.50000000000	2081.50000000000	5.13373432691466	0
4910	2082	5.13801422189566	0
4912.50000000000	2082.50000000000	5.14229768494229	0
4915	2083	5.14658471902918	0
4917.50000000000	2083.50000000000	5.15087532713345	0
4920	2084	5.15516951223468	0
4922.50000000000	2084.50000000000	5.15946727731495	0
4925	2085	5.16376862535881	0
4927.50000000000	2085.50000000000	5.16807355935331	0
4930	2086	5.17238208228799	0
4932.50000000000	2086.50000000000	5.17669419715488	0
4935	2087	5.18100990694851	0
4937.50000000000	2087.50000000000	5.18532921466588	0
4940	2088	5.18965212330654	0
4942.50000000000	2088.50000000000	5.19397863587249	0
4945	2089	5.19830875536825	0
4947.50000000000	2089.50000000000	5.20264248480086	0
4950	2090	5.20697982717985	0
4952.50000000000	2090.50000000000	5.21132078551726	0
4955	2091	5.21566536282765	0
4957.50000000000	2091.50000000000	5.22001356212808	0
4960	2092	5.22436538643814	0
4962.50000000000	2092.50000000000	5.22872083877993	0
4965	2093	5.23307992217807	0
4967.50000000000	2093.50000000000	5.23744263965970	0
4970	2094	5.24180899425448	0
4972.50000000000	2094.50000000000	5.24617898899460	0
4975	2095	5.25055262691480	0
4977.50000000000	2095.50000000000	5.25492991105230	0
4980	2096	5.25931084444690	0
4982.50000000000	2096.50000000000	5.26369543014091	0
4985	2097	5.26808367117917	0
4987.50000000000	2097.50000000000	5.27247557060909	0
4990	2098	5.27687113148059	0
4992.50000000000	2098.50000000000	5.28127035684614	0
4995	2099	5.28567324976076	0
4997.50000000000	2099.50000000000	5.29007981328202	0
5000	2100	5.29449005047003	0
